,id,distribution_4,distribution_5,distribution_10,seg4,seg5,seg10
0,0,[0. 0. 0. 1.],[0. 0. 0. 0. 1.],[0. 0. 0. 0. 0. 0. 0. 0. 0. 1.],1.0,1.0,1.0
1,1,[0.   0.2  0.32 0.48],[0.   0.2  0.32 0.16 0.32],[0.   0.   0.   0.2  0.   0.32 0.   0.16 0.   0.32],0.39999999999999997,0.3,0.6666666666666666
2,2,[0.171 0.    0.    0.829],[0.171 0.    0.    0.143 0.686],[0.    0.171 0.    0.    0.    0.    0.    0.143 0.    0.686],0.7719999999999999,0.6075,0.7777777777777777
3,3,[0.182 0.    0.    0.818],[0.182 0.    0.    0.318 0.5  ],[0.    0.182 0.    0.    0.    0.    0.    0.318 0.    0.5  ],0.7573333333333334,0.5225,0.7777777777777777
4,4,[0.4 0.  0.  0.6],[0.4 0.  0.  0.  0.6],[0.  0.4 0.  0.  0.  0.  0.  0.  0.  0.6],0.6666666666666666,0.7499999999999999,0.888888888888889
5,5,[0.    0.105 0.105 0.789],[0.    0.105 0.105 0.105 0.684],[0.    0.    0.    0.105 0.    0.105 0.    0.105 0.    0.684],0.7193333333333335,0.605625,0.6661111111111111
6,6,[0.    0.211 0.    0.789],[0.    0.211 0.    0.053 0.737],[0.    0.    0.    0.211 0.    0.    0.    0.053 0.    0.737],0.7186666666666667,0.684375,0.8305555555555556
7,7,[0.111 0.    0.    0.889],[0.111 0.    0.    0.    0.889],[0.    0.111 0.    0.    0.    0.    0.    0.    0.    0.889],0.852,0.8612500000000001,0.888888888888889
8,8,[0. 0. 0. 1.],[0. 0. 0. 0. 1.],[0. 0. 0. 0. 0. 0. 0. 0. 0. 1.],1.0,1.0,1.0
9,9,[1. 0. 0. 0.],[1. 0. 0. 0. 0.],[0. 1. 0. 0. 0. 0. 0. 0. 0. 0.],1.0,0.9999999999999999,1.0000000000000002
10,10,[0.    0.    0.429 0.571],[0.    0.    0.429 0.    0.571],[0.    0.    0.    0.    0.    0.429 0.    0.    0.    0.571],0.6666666666666666,0.7499999999999999,0.888888888888889
11,11,[0. 0. 0. 1.],[0. 0. 0. 0. 1.],[0. 0. 0. 0. 0. 0. 0. 0. 0. 1.],1.0,1.0,1.0
12,12,[0. 0. 0. 1.],[0. 0. 0. 0. 1.],[0. 0. 0. 0. 0. 0. 0. 0. 0. 1.],1.0,1.0,1.0
13,13,[0. 0. 1. 0.],[0. 0. 1. 0. 0.],[0. 0. 0. 0. 0. 1. 0. 0. 0. 0.],1.0,1.0,1.0000000000000002
14,14,[0. 0. 0. 1.],[0.    0.    0.    0.091 0.909],[0.    0.    0.    0.    0.    0.    0.    0.091 0.    0.909],1.0,0.8862500000000001,0.898888888888889
15,15,[0. 0. 0. 1.],[0. 0. 0. 0. 1.],[0. 0. 0. 0. 0. 0. 0. 0. 0. 1.],1.0,1.0,1.0
16,16,[0.    0.    0.143 0.857],[0.    0.    0.143 0.    0.857],[0.    0.    0.    0.    0.    0.143 0.    0.    0.    0.857],0.8093333333333333,0.82125,0.888888888888889
17,17,[0. 0. 0. 1.],[0. 0. 0. 0. 1.],[0. 0. 0. 0. 0. 0. 0. 0. 0. 1.],1.0,1.0,1.0
18,18,[0. 0. 0. 1.],[0. 0. 0. 0. 1.],[0. 0. 0. 0. 0. 0. 0. 0. 0. 1.],1.0,1.0,1.0
19,19,[0. 0. 0. 1.],[0. 0. 0. 0. 1.],[0. 0. 0. 0. 0. 0. 0. 0. 0. 1.],1.0,1.0,1.0
20,20,[0. 0. 0. 1.],[0. 0. 0. 0. 1.],[0. 0. 0. 0. 0. 0. 0. 0. 0. 1.],1.0,1.0,1.0
21,21,[0.538 0.154 0.    0.308],[0.538 0.154 0.    0.    0.308],[0.    0.538 0.    0.154 0.    0.    0.    0.    0.    0.308],0.4613333333333333,0.5575,0.7777777777777778
22,22,[0. 1. 0. 0.],[0. 1. 0. 0. 0.],[0. 0. 0. 1. 0. 0. 0. 0. 0. 0.],1.0,0.9999999999999999,1.0000000000000002
23,23,[0.077 0.    0.385 0.538],[0.077 0.    0.385 0.308 0.231],[0.    0.077 0.    0.    0.    0.385 0.    0.308 0.    0.231],0.5640000000000001,0.404375,0.6927777777777778
24,24,[0. 0. 0. 1.],[0.    0.    0.    0.294 0.706],[0.    0.    0.    0.    0.    0.    0.    0.294 0.    0.706],1.0,0.7500000000000001,0.888888888888889
25,25,[0. 0. 0. 1.],[0. 0. 0. 0. 1.],[0. 0. 0. 0. 0. 0. 0. 0. 0. 1.],1.0,1.0,1.0
26,26,[0. 0. 0. 1.],[0. 0. 0. 0. 1.],[0. 0. 0. 0. 0. 0. 0. 0. 0. 1.],1.0,1.0,1.0
27,27,[0.    0.273 0.091 0.636],[0.    0.273 0.091 0.    0.636],[0.    0.    0.    0.273 0.    0.091 0.    0.    0.    0.636],0.5453333333333333,0.63625,0.7877777777777778
28,28,[0. 0. 0. 1.],[0. 0. 0. 0. 1.],[0. 0. 0. 0. 0. 0. 0. 0. 0. 1.],1.0,1.0,1.0
29,29,[0.5   0.333 0.    0.167],[0.5   0.333 0.    0.    0.167],[0.    0.5   0.    0.333 0.    0.    0.    0.    0.    0.167],0.44399999999999995,0.54125,0.7777777777777778
30,30,[0. 0. 0. 1.],[0. 0. 0. 0. 1.],[0. 0. 0. 0. 0. 0. 0. 0. 0. 1.],1.0,1.0,1.0
31,31,[0.  0.2 0.  0.8],[0.    0.2   0.    0.267 0.533],[0.    0.    0.    0.2   0.    0.    0.    0.267 0.    0.533],0.7333333333333334,0.5,0.7777777777777777
32,32,[0.    0.857 0.    0.143],[0.    0.857 0.    0.    0.143],[0.    0.    0.    0.857 0.    0.    0.    0.    0.    0.143],0.8093333333333333,0.8212499999999998,0.8888888888888888
33,33,[0. 0. 0. 1.],[0. 0. 0. 0. 1.],[0. 0. 0. 0. 0. 0. 0. 0. 0. 1.],1.0,1.0,1.0
34,34,[0. 0. 0. 1.],[0. 0. 0. 0. 1.],[0. 0. 0. 0. 0. 0. 0. 0. 0. 1.],1.0,1.0,1.0
35,35,[0. 0. 0. 1.],[0. 0. 0. 0. 1.],[0. 0. 0. 0. 0. 0. 0. 0. 0. 1.],1.0,1.0,1.0
36,36,[0. 0. 0. 1.],[0. 0. 0. 0. 1.],[0. 0. 0. 0. 0. 0. 0. 0. 0. 1.],1.0,1.0,1.0
37,37,[0. 0. 0. 1.],[0. 0. 0. 0. 1.],[0. 0. 0. 0. 0. 0. 0. 0. 0. 1.],1.0,1.0,1.0
38,39,[0.4 0.4 0.  0.2],[0.4 0.4 0.  0.  0.2],[0.  0.4 0.  0.4 0.  0.  0.  0.  0.  0.2],0.4000000000000001,0.5,0.7777777777777779
39,40,[0.    0.    0.111 0.889],[0.    0.    0.111 0.    0.889],[0.    0.    0.    0.    0.    0.111 0.    0.    0.    0.889],0.852,0.8612500000000001,0.888888888888889
40,41,[0.   0.   0.25 0.75],[0.   0.   0.25 0.   0.75],[0.   0.   0.   0.   0.   0.25 0.   0.   0.   0.75],0.6666666666666666,0.7500000000000001,0.888888888888889
41,42,[0.    0.333 0.    0.667],[0.    0.333 0.    0.    0.667],[0.    0.    0.    0.333 0.    0.    0.    0.    0.    0.667],0.6666666666666666,0.7500000000000001,0.888888888888889
42,43,[0.    0.125 0.    0.875],[0.    0.125 0.    0.    0.875],[0.    0.    0.    0.125 0.    0.    0.    0.    0.    0.875],0.8333333333333334,0.84375,0.888888888888889
43,44,[0. 0. 0. 1.],[0.    0.    0.    0.667 0.333],[0.    0.    0.    0.    0.    0.    0.    0.667 0.    0.333],1.0,0.7500000000000001,0.888888888888889
44,45,[0.667 0.    0.    0.333],[0.667 0.    0.    0.    0.333],[0.    0.667 0.    0.    0.    0.    0.    0.    0.    0.333],0.6666666666666666,0.7499999999999999,0.888888888888889
45,46,[0.    0.    0.167 0.833],[0.    0.    0.167 0.    0.833],[0.    0.    0.    0.    0.    0.167 0.    0.    0.    0.833],0.7773333333333333,0.79125,0.888888888888889
46,47,[0. 0. 0. 1.],[0. 0. 0. 0. 1.],[0. 0. 0. 0. 0. 0. 0. 0. 0. 1.],1.0,1.0,1.0
47,48,[0.   0.   0.25 0.75],[0.   0.   0.25 0.   0.75],[0.   0.   0.   0.   0.   0.25 0.   0.   0.   0.75],0.6666666666666666,0.7500000000000001,0.888888888888889
48,49,[0.    0.    0.286 0.714],[0.    0.    0.286 0.429 0.286],[0.    0.    0.    0.    0.    0.286 0.    0.429 0.    0.286],0.6666666666666666,0.5006249999999999,0.7783333333333332
49,50,[0. 0. 0. 1.],[0. 0. 0. 0. 1.],[0. 0. 0. 0. 0. 0. 0. 0. 0. 1.],1.0,1.0,1.0
50,51,[0.    0.    0.231 0.769],[0.    0.    0.231 0.    0.769],[0.    0.    0.    0.    0.    0.231 0.    0.    0.    0.769],0.6920000000000001,0.7499999999999999,0.888888888888889
51,52,[0.    0.    0.833 0.167],[0.    0.    0.833 0.167 0.   ],[0.    0.    0.    0.    0.    0.833 0.    0.167 0.    0.   ],0.7773333333333333,0.7912499999999998,0.888888888888889
52,53,[0.    0.    0.143 0.857],[0.    0.    0.143 0.857 0.   ],[0.    0.    0.    0.    0.    0.143 0.    0.857 0.    0.   ],0.8093333333333333,0.82125,0.888888888888889
53,54,[0.08 0.12 0.   0.8 ],[0.08 0.12 0.   0.   0.8 ],[0.   0.08 0.   0.12 0.   0.   0.   0.   0.   0.8 ],0.7333333333333334,0.7500000000000001,0.7999999999999999
54,55,[0. 0. 0. 1.],[0. 0. 0. 0. 1.],[0. 0. 0. 0. 0. 0. 0. 0. 0. 1.],1.0,1.0,1.0
55,56,[0.025 0.2   0.025 0.75 ],[0.025 0.2   0.025 0.125 0.625],[0.    0.025 0.    0.2   0.    0.025 0.    0.125 0.    0.625],0.6666666666666666,0.53125,0.7222222222222222
56,57,[0. 0. 0. 1.],[0. 0. 0. 0. 1.],[0. 0. 0. 0. 0. 0. 0. 0. 0. 1.],1.0,1.0,1.0
57,58,[0. 0. 0. 1.],[0.   0.   0.   0.25 0.75],[0.   0.   0.   0.   0.   0.   0.   0.25 0.   0.75],1.0,0.7500000000000001,0.888888888888889
58,59,[0.  0.6 0.4 0. ],[0.  0.6 0.4 0.  0. ],[0.  0.  0.  0.6 0.  0.4 0.  0.  0.  0. ],0.6666666666666666,0.7499999999999999,0.8888888888888891
59,60,[0.    0.    0.286 0.714],[0.    0.    0.286 0.    0.714],[0.    0.    0.    0.    0.    0.286 0.    0.    0.    0.714],0.6666666666666666,0.7499999999999999,0.888888888888889
60,61,[0.25  0.167 0.    0.583],[0.25  0.167 0.    0.    0.583],[0.    0.25  0.    0.167 0.    0.    0.    0.    0.    0.583],0.44399999999999995,0.54125,0.7777777777777777
61,62,[0.    0.    0.167 0.833],[0.    0.    0.167 0.    0.833],[0.    0.    0.    0.    0.    0.167 0.    0.    0.    0.833],0.7773333333333333,0.79125,0.888888888888889
62,63,[0.286 0.286 0.    0.429],[0.286 0.286 0.    0.    0.429],[0.    0.286 0.    0.286 0.    0.    0.    0.    0.    0.429],0.3339999999999999,0.5006249999999999,0.7783333333333333
63,64,[0.    0.    0.125 0.875],[0.    0.    0.125 0.    0.875],[0.    0.    0.    0.    0.    0.125 0.    0.    0.    0.875],0.8333333333333334,0.84375,0.888888888888889
64,65,[0. 0. 0. 1.],[0. 0. 0. 0. 1.],[0. 0. 0. 0. 0. 0. 0. 0. 0. 1.],1.0,1.0,1.0
65,66,[0.079 0.211 0.237 0.474],[0.079 0.211 0.237 0.053 0.421],[0.    0.079 0.    0.211 0.    0.237 0.    0.053 0.    0.421],0.298,0.33562499999999995,0.6316666666666667
66,67,[0.667 0.    0.    0.333],[0.667 0.    0.    0.    0.333],[0.    0.667 0.    0.    0.    0.    0.    0.    0.    0.333],0.6666666666666666,0.7499999999999999,0.888888888888889
67,68,[0.    0.    0.182 0.818],[0.    0.    0.182 0.    0.818],[0.    0.    0.    0.    0.    0.182 0.    0.    0.    0.818],0.7573333333333334,0.7725,0.888888888888889
68,69,[0.5 0.  0.  0.5],[0.5 0.  0.  0.  0.5],[0.  0.5 0.  0.  0.  0.  0.  0.  0.  0.5],0.6666666666666666,0.7499999999999999,0.888888888888889
69,70,[0.167 0.    0.    0.833],[0.167 0.    0.    0.    0.833],[0.    0.167 0.    0.    0.    0.    0.    0.    0.    0.833],0.7773333333333333,0.79125,0.888888888888889
70,71,[0.    0.571 0.    0.429],[0.    0.571 0.    0.    0.429],[0.    0.    0.    0.571 0.    0.    0.    0.    0.    0.429],0.6666666666666666,0.7499999999999998,0.8888888888888888
71,72,[0. 0. 0. 1.],[0.    0.    0.    0.077 0.923],[0.    0.    0.    0.    0.    0.    0.    0.077 0.    0.923],1.0,0.90375,0.9144444444444445
72,73,[0.    0.615 0.    0.385],[0.    0.615 0.    0.    0.385],[0.    0.    0.    0.615 0.    0.    0.    0.    0.    0.385],0.6666666666666666,0.7499999999999999,0.888888888888889
73,74,[0.111 0.    0.    0.889],[0.111 0.    0.    0.    0.889],[0.    0.111 0.    0.    0.    0.    0.    0.    0.    0.889],0.852,0.8612500000000001,0.888888888888889
74,75,[0.167 0.    0.    0.833],[0.167 0.    0.    0.    0.833],[0.    0.167 0.    0.    0.    0.    0.    0.    0.    0.833],0.7773333333333333,0.79125,0.888888888888889
75,76,[0.  0.4 0.  0.6],[0.  0.4 0.  0.  0.6],[0.  0.  0.  0.4 0.  0.  0.  0.  0.  0.6],0.6666666666666666,0.7499999999999999,0.888888888888889
76,77,[0.273 0.    0.    0.727],[0.273 0.    0.    0.    0.727],[0.    0.273 0.    0.    0.    0.    0.    0.    0.    0.727],0.6666666666666666,0.7499999999999999,0.888888888888889
77,78,[0.056 0.    0.    0.944],[0.056 0.    0.    0.222 0.722],[0.    0.056 0.    0.    0.    0.    0.    0.222 0.    0.722],0.9253333333333332,0.68,0.8266666666666667
78,79,[0. 0. 0. 1.],[0. 0. 0. 0. 1.],[0. 0. 0. 0. 0. 0. 0. 0. 0. 1.],1.0,1.0,1.0
79,80,[0.25 0.25 0.   0.5 ],[0.25 0.25 0.   0.   0.5 ],[0.   0.25 0.   0.25 0.   0.   0.   0.   0.   0.5 ],0.3333333333333333,0.5,0.7777777777777777
80,81,[0. 0. 0. 1.],[0. 0. 0. 0. 1.],[0. 0. 0. 0. 0. 0. 0. 0. 0. 1.],1.0,1.0,1.0
81,82,[0. 0. 0. 1.],[0. 0. 0. 0. 1.],[0. 0. 0. 0. 0. 0. 0. 0. 0. 1.],1.0,1.0,1.0
82,83,[0.    0.133 0.    0.867],[0.    0.133 0.    0.    0.867],[0.    0.    0.    0.133 0.    0.    0.    0.    0.    0.867],0.8226666666666667,0.83375,0.888888888888889
83,84,[0.182 0.    0.    0.818],[0.182 0.    0.    0.    0.818],[0.    0.182 0.    0.    0.    0.    0.    0.    0.    0.818],0.7573333333333334,0.7725,0.888888888888889
84,85,[0.417 0.    0.    0.583],[0.417 0.    0.    0.    0.583],[0.    0.417 0.    0.    0.    0.    0.    0.    0.    0.583],0.6666666666666666,0.7499999999999999,0.888888888888889
85,86,[0.1 0.  0.  0.9],[0.1 0.  0.  0.  0.9],[0.  0.1 0.  0.  0.  0.  0.  0.  0.  0.9],0.8666666666666667,0.8749999999999999,0.888888888888889
86,87,[0. 0. 0. 1.],[0. 0. 0. 0. 1.],[0. 0. 0. 0. 0. 0. 0. 0. 0. 1.],1.0,1.0,1.0
87,88,[1. 0. 0. 0.],[1. 0. 0. 0. 0.],[0. 1. 0. 0. 0. 0. 0. 0. 0. 0.],1.0,0.9999999999999999,1.0000000000000002
88,89,[0.4 0.2 0.  0.4],[0.4 0.2 0.  0.  0.4],[0.  0.4 0.  0.2 0.  0.  0.  0.  0.  0.4],0.4000000000000001,0.5,0.7777777777777778
89,90,[0.    0.167 0.    0.833],[0.    0.167 0.    0.    0.833],[0.    0.    0.    0.167 0.    0.    0.    0.    0.    0.833],0.7773333333333333,0.79125,0.888888888888889
90,91,[0.6 0.  0.  0.4],[0.6 0.  0.  0.  0.4],[0.  0.6 0.  0.  0.  0.  0.  0.  0.  0.4],0.6666666666666666,0.7499999999999999,0.8888888888888891
91,92,[0. 0. 0. 1.],[0. 0. 0. 0. 1.],[0. 0. 0. 0. 0. 0. 0. 0. 0. 1.],1.0,1.0,1.0
92,93,[0. 0. 0. 1.],[0. 0. 0. 0. 1.],[0. 0. 0. 0. 0. 0. 0. 0. 0. 1.],1.0,1.0,1.0
93,94,[0. 0. 0. 1.],[0. 0. 0. 0. 1.],[0. 0. 0. 0. 0. 0. 0. 0. 0. 1.],1.0,1.0,1.0
94,95,[0. 0. 0. 1.],[0. 0. 0. 0. 1.],[0. 0. 0. 0. 0. 0. 0. 0. 0. 1.],1.0,1.0,1.0
95,96,[0.    0.    0.222 0.778],[0.    0.    0.222 0.    0.778],[0.    0.    0.    0.    0.    0.222 0.    0.    0.    0.778],0.7040000000000001,0.7500000000000001,0.888888888888889
96,101,[0. 0. 0. 1.],[0.    0.    0.    0.667 0.333],[0.    0.    0.    0.    0.    0.    0.    0.667 0.    0.333],1.0,0.7500000000000001,0.888888888888889
97,102,[0.333 0.    0.    0.667],[0.333 0.    0.    0.    0.667],[0.    0.333 0.    0.    0.    0.    0.    0.    0.    0.667],0.6666666666666666,0.7500000000000001,0.888888888888889
98,104,[0. 0. 0. 1.],[0. 0. 0. 0. 1.],[0. 0. 0. 0. 0. 0. 0. 0. 0. 1.],1.0,1.0,1.0
99,112,[0.    0.    0.714 0.286],[0.    0.    0.714 0.    0.286],[0.    0.    0.    0.    0.    0.714 0.    0.    0.    0.286],0.6666666666666666,0.7500000000000001,0.888888888888889
100,113,[0.4 0.  0.  0.6],[0.4 0.  0.  0.  0.6],[0.  0.4 0.  0.  0.  0.  0.  0.  0.  0.6],0.6666666666666666,0.7499999999999999,0.888888888888889
101,114,[0.    0.    0.238 0.762],[0.    0.    0.238 0.238 0.524],[0.    0.    0.    0.    0.    0.238 0.    0.238 0.    0.524],0.6826666666666666,0.5,0.7777777777777777
102,116,[0. 0. 0. 1.],[0. 0. 0. 0. 1.],[0. 0. 0. 0. 0. 0. 0. 0. 0. 1.],1.0,1.0,1.0
103,117,[0.143 0.286 0.071 0.5  ],[0.143 0.286 0.071 0.    0.5  ],[0.    0.143 0.    0.286 0.    0.071 0.    0.    0.    0.5  ],0.3813333333333333,0.4825,0.6988888888888889
104,118,[0.125 0.    0.    0.875],[0.125 0.    0.    0.    0.875],[0.    0.125 0.    0.    0.    0.    0.    0.    0.    0.875],0.8333333333333334,0.84375,0.888888888888889
105,120,[0.    0.077 0.    0.923],[0.    0.077 0.    0.    0.923],[0.    0.    0.    0.077 0.    0.    0.    0.    0.    0.923],0.8973333333333334,0.90375,0.9144444444444445
106,121,[0.462 0.    0.    0.538],[0.462 0.    0.    0.    0.538],[0.    0.462 0.    0.    0.    0.    0.    0.    0.    0.538],0.6666666666666666,0.7500000000000001,0.888888888888889
107,122,[0. 0. 0. 1.],[0.    0.    0.    0.625 0.375],[0.    0.    0.    0.    0.    0.    0.    0.625 0.    0.375],1.0,0.7500000000000001,0.888888888888889
108,124,[0. 0. 0. 1.],[0. 0. 0. 0. 1.],[0. 0. 0. 0. 0. 0. 0. 0. 0. 1.],1.0,1.0,1.0
109,125,[0.    0.286 0.    0.714],[0.    0.286 0.    0.    0.714],[0.    0.    0.    0.286 0.    0.    0.    0.    0.    0.714],0.6666666666666666,0.7499999999999999,0.888888888888889
110,126,[0.208 0.    0.    0.792],[0.208 0.    0.    0.    0.792],[0.    0.208 0.    0.    0.    0.    0.    0.    0.    0.792],0.7226666666666667,0.7500000000000001,0.888888888888889
111,127,[0.176 0.    0.    0.824],[0.176 0.    0.    0.    0.824],[0.    0.176 0.    0.    0.    0.    0.    0.    0.    0.824],0.7653333333333334,0.7799999999999999,0.888888888888889
112,128,[0. 0. 0. 1.],[0. 0. 0. 0. 1.],[0. 0. 0. 0. 0. 0. 0. 0. 0. 1.],1.0,1.0,1.0
113,129,[0. 0. 0. 1.],[0.    0.    0.    0.125 0.875],[0.    0.    0.    0.    0.    0.    0.    0.125 0.    0.875],1.0,0.84375,0.888888888888889
114,131,[0. 0. 0. 1.],[0. 0. 0. 0. 1.],[0. 0. 0. 0. 0. 0. 0. 0. 0. 1.],1.0,1.0,1.0
115,132,[0.    0.    0.667 0.333],[0.    0.    0.667 0.    0.333],[0.    0.    0.    0.    0.    0.667 0.    0.    0.    0.333],0.6666666666666666,0.7499999999999999,0.888888888888889
116,133,[0.316 0.    0.316 0.368],[0.316 0.    0.316 0.    0.368],[0.    0.316 0.    0.    0.    0.316 0.    0.    0.    0.368],0.3333333333333333,0.5,0.7777777777777778
117,134,[0.267 0.467 0.    0.267],[0.267 0.467 0.    0.    0.267],[0.    0.267 0.    0.467 0.    0.    0.    0.    0.    0.267],0.3340000000000001,0.5006249999999999,0.7783333333333333
118,136,[0.    0.    0.065 0.935],[0.    0.    0.065 0.    0.935],[0.    0.    0.    0.    0.    0.065 0.    0.    0.    0.935],0.9133333333333334,0.9187500000000001,0.9277777777777778
119,137,[0.171 0.    0.    0.829],[0.171 0.    0.    0.343 0.486],[0.    0.171 0.    0.    0.    0.    0.    0.343 0.    0.486],0.7719999999999999,0.53625,0.7777777777777777
120,138,[0.071 0.    0.    0.929],[0.071 0.    0.    0.    0.929],[0.    0.071 0.    0.    0.    0.    0.    0.    0.    0.929],0.9053333333333334,0.9112500000000001,0.9211111111111112
121,139,[0. 0. 0. 1.],[0.    0.    0.    0.042 0.958],[0.    0.    0.    0.    0.    0.    0.    0.042 0.    0.958],1.0,0.9475,0.9533333333333333
122,140,[0.    0.    0.714 0.286],[0.    0.    0.714 0.    0.286],[0.    0.    0.    0.    0.    0.714 0.    0.    0.    0.286],0.6666666666666666,0.7500000000000001,0.888888888888889
123,141,[0. 0. 0. 1.],[0. 0. 0. 0. 1.],[0. 0. 0. 0. 0. 0. 0. 0. 0. 1.],1.0,1.0,1.0
124,142,[0. 0. 0. 1.],[0. 0. 0. 0. 1.],[0. 0. 0. 0. 0. 0. 0. 0. 0. 1.],1.0,1.0,1.0
125,143,[0. 0. 0. 1.],[0.    0.    0.    0.533 0.467],[0.    0.    0.    0.    0.    0.    0.    0.533 0.    0.467],1.0,0.7500000000000001,0.888888888888889
126,144,[0.  0.  0.1 0.9],[0.  0.  0.1 0.4 0.5],[0.  0.  0.  0.  0.  0.1 0.  0.4 0.  0.5],0.8666666666666667,0.625,0.7777777777777777
127,145,[0. 0. 0. 1.],[0. 0. 0. 0. 1.],[0. 0. 0. 0. 0. 0. 0. 0. 0. 1.],1.0,1.0,1.0
128,146,[0. 0. 0. 1.],[0. 0. 0. 0. 1.],[0. 0. 0. 0. 0. 0. 0. 0. 0. 1.],1.0,1.0,1.0
129,148,[0. 0. 0. 1.],[0. 0. 0. 0. 1.],[0. 0. 0. 0. 0. 0. 0. 0. 0. 1.],1.0,1.0,1.0
130,149,[0.111 0.    0.    0.889],[0.111 0.    0.    0.111 0.778],[0.    0.111 0.    0.    0.    0.    0.    0.111 0.    0.778],0.852,0.7225,0.7777777777777777
131,150,[0.    0.105 0.    0.895],[0.    0.105 0.    0.316 0.579],[0.    0.    0.    0.105 0.    0.    0.    0.316 0.    0.579],0.86,0.6187499999999999,0.7777777777777777
132,151,[0.333 0.19  0.048 0.429],[0.333 0.19  0.048 0.    0.429],[0.    0.333 0.    0.19  0.    0.048 0.    0.    0.    0.429],0.34933333333333333,0.45249999999999996,0.7244444444444443
133,152,[0.    0.    0.154 0.846],[0.    0.    0.154 0.231 0.615],[0.    0.    0.    0.    0.    0.154 0.    0.231 0.    0.615],0.7946666666666666,0.5575,0.7777777777777777
134,153,[0.385 0.    0.    0.615],[0.385 0.    0.    0.    0.615],[0.    0.385 0.    0.    0.    0.    0.    0.    0.    0.615],0.6666666666666666,0.7499999999999999,0.888888888888889
135,154,[0.333 0.    0.    0.667],[0.333 0.    0.    0.    0.667],[0.    0.333 0.    0.    0.    0.    0.    0.    0.    0.667],0.6666666666666666,0.7500000000000001,0.888888888888889
136,155,[0. 0. 0. 1.],[0. 0. 0. 0. 1.],[0. 0. 0. 0. 0. 0. 0. 0. 0. 1.],1.0,1.0,1.0
137,156,[0.    0.167 0.    0.833],[0.    0.167 0.    0.333 0.5  ],[0.    0.    0.    0.167 0.    0.    0.    0.333 0.    0.5  ],0.7773333333333333,0.54125,0.7777777777777777
138,157,[0.  0.5 0.  0.5],[0.  0.5 0.  0.  0.5],[0.  0.  0.  0.5 0.  0.  0.  0.  0.  0.5],0.6666666666666666,0.7499999999999999,0.888888888888889
139,158,[0. 0. 0. 1.],[0. 0. 0. 0. 1.],[0. 0. 0. 0. 0. 0. 0. 0. 0. 1.],1.0,1.0,1.0
140,159,[0. 0. 0. 1.],[0. 0. 0. 0. 1.],[0. 0. 0. 0. 0. 0. 0. 0. 0. 1.],1.0,1.0,1.0
141,160,[0.    0.077 0.077 0.846],[0.    0.077 0.077 0.077 0.769],[0.    0.    0.    0.077 0.    0.077 0.    0.077 0.    0.769],0.7946666666666666,0.7112499999999999,0.7433333333333334
142,161,[0.    0.    0.176 0.824],[0.    0.    0.176 0.059 0.765],[0.    0.    0.    0.    0.    0.176 0.    0.059 0.    0.765],0.7653333333333334,0.7062499999999999,0.8233333333333335
143,162,[0.   0.05 0.   0.95],[0.   0.05 0.   0.4  0.55],[0.   0.   0.   0.05 0.   0.   0.   0.4  0.   0.55],0.9333333333333332,0.6875,0.8333333333333336
144,163,[0.067 0.2   0.033 0.7  ],[0.067 0.2   0.033 0.167 0.533],[0.    0.067 0.    0.2   0.    0.033 0.    0.167 0.    0.533],0.6,0.41625000000000006,0.6666666666666667
145,164,[0.214 0.143 0.214 0.429],[0.214 0.143 0.214 0.071 0.357],[0.    0.214 0.    0.143 0.    0.214 0.    0.071 0.    0.357],0.23866666666666667,0.231875,0.5872222222222222
146,165,[0. 0. 0. 1.],[0. 0. 0. 0. 1.],[0. 0. 0. 0. 0. 0. 0. 0. 0. 1.],1.0,1.0,1.0
147,166,[0.5 0.  0.5 0. ],[0.5 0.  0.5 0.  0. ],[0.  0.5 0.  0.  0.  0.5 0.  0.  0.  0. ],0.6666666666666666,0.7499999999999999,0.888888888888889
148,167,[0.133 0.    0.    0.867],[0.133 0.    0.    0.    0.867],[0.    0.133 0.    0.    0.    0.    0.    0.    0.    0.867],0.8226666666666667,0.83375,0.888888888888889
149,168,[0.   0.25 0.05 0.7 ],[0.   0.25 0.05 0.   0.7 ],[0.   0.   0.   0.25 0.   0.05 0.   0.   0.   0.7 ],0.6,0.6875,0.8333333333333333
150,169,[0.059 0.    0.059 0.882],[0.059 0.    0.059 0.    0.882],[0.    0.059 0.    0.    0.    0.059 0.    0.    0.    0.882],0.8426666666666667,0.8524999999999999,0.8688888888888889
151,170,[0.08 0.   0.   0.92],[0.08 0.   0.   0.   0.92],[0.   0.08 0.   0.   0.   0.   0.   0.   0.   0.92],0.8933333333333332,0.8999999999999999,0.9111111111111112
152,171,[0.  0.  0.5 0.5],[0.  0.  0.5 0.  0.5],[0.  0.  0.  0.  0.  0.5 0.  0.  0.  0.5],0.6666666666666666,0.7499999999999999,0.888888888888889
153,172,[0. 0. 0. 1.],[0.    0.    0.    0.065 0.935],[0.    0.    0.    0.    0.    0.    0.    0.065 0.    0.935],1.0,0.9187500000000001,0.9277777777777778
154,173,[0. 0. 0. 1.],[0. 0. 0. 0. 1.],[0. 0. 0. 0. 0. 0. 0. 0. 0. 1.],1.0,1.0,1.0
155,174,[0. 0. 0. 1.],[0. 0. 0. 0. 1.],[0. 0. 0. 0. 0. 0. 0. 0. 0. 1.],1.0,1.0,1.0
156,175,[0.05 0.   0.   0.95],[0.05 0.   0.   0.   0.95],[0.   0.05 0.   0.   0.   0.   0.   0.   0.   0.95],0.9333333333333332,0.9375,0.9444444444444444
157,176,[0. 0. 0. 1.],[0. 0. 0. 0. 1.],[0. 0. 0. 0. 0. 0. 0. 0. 0. 1.],1.0,1.0,1.0
158,177,[0.364 0.    0.    0.636],[0.364 0.    0.    0.    0.636],[0.    0.364 0.    0.    0.    0.    0.    0.    0.    0.636],0.6666666666666666,0.7499999999999999,0.888888888888889
159,178,[0.455 0.    0.    0.545],[0.455 0.    0.    0.455 0.091],[0.    0.455 0.    0.    0.    0.    0.    0.455 0.    0.091],0.6666666666666666,0.6368750000000001,0.7883333333333333
160,179,[0. 0. 0. 1.],[0. 0. 0. 0. 1.],[0. 0. 0. 0. 0. 0. 0. 0. 0. 1.],1.0,1.0,1.0
161,180,[0.   0.04 0.32 0.64],[0.   0.04 0.32 0.28 0.36],[0.   0.   0.   0.04 0.   0.32 0.   0.28 0.   0.36],0.6133333333333334,0.44999999999999996,0.7333333333333334
162,181,[0.167 0.    0.    0.833],[0.167 0.    0.    0.    0.833],[0.    0.167 0.    0.    0.    0.    0.    0.    0.    0.833],0.7773333333333333,0.79125,0.888888888888889
163,182,[0.125 0.    0.    0.875],[0.125 0.    0.    0.    0.875],[0.    0.125 0.    0.    0.    0.    0.    0.    0.    0.875],0.8333333333333334,0.84375,0.888888888888889
164,183,[0.    0.312 0.    0.688],[0.    0.312 0.    0.    0.688],[0.    0.    0.    0.313 0.    0.    0.    0.    0.    0.688],0.6666666666666666,0.7499999999999999,0.8894444444444444
165,184,[0.143 0.    0.    0.857],[0.143 0.    0.    0.357 0.5  ],[0.    0.143 0.    0.    0.    0.    0.    0.357 0.    0.5  ],0.8093333333333333,0.5712499999999999,0.7777777777777777
166,185,[0.  0.  0.5 0.5],[0.  0.  0.5 0.  0.5],[0.  0.  0.  0.  0.  0.5 0.  0.  0.  0.5],0.6666666666666666,0.7499999999999999,0.888888888888889
167,186,[0.067 0.    0.    0.933],[0.067 0.    0.    0.    0.933],[0.    0.067 0.    0.    0.    0.    0.    0.    0.    0.933],0.9106666666666667,0.9162500000000001,0.9255555555555556
168,187,[0.   0.   0.75 0.25],[0.   0.   0.75 0.   0.25],[0.   0.   0.   0.   0.   0.75 0.   0.   0.   0.25],0.6666666666666666,0.7500000000000001,0.888888888888889
169,188,[0.217 0.    0.    0.783],[0.217 0.    0.    0.    0.783],[0.    0.217 0.    0.    0.    0.    0.    0.    0.    0.783],0.7106666666666667,0.7499999999999999,0.888888888888889
170,189,[0.    0.375 0.    0.625],[0.    0.375 0.    0.    0.625],[0.    0.    0.    0.375 0.    0.    0.    0.    0.    0.625],0.6666666666666666,0.7499999999999999,0.888888888888889
171,190,[0.167 0.333 0.    0.5  ],[0.167 0.333 0.    0.    0.5  ],[0.    0.167 0.    0.333 0.    0.    0.    0.    0.    0.5  ],0.444,0.54125,0.7777777777777777
172,192,[0.2 0.  0.  0.8],[0.2 0.  0.  0.2 0.6],[0.  0.2 0.  0.  0.  0.  0.  0.2 0.  0.6],0.7333333333333334,0.5,0.7777777777777777
173,193,[0.111 0.    0.    0.889],[0.111 0.    0.    0.222 0.667],[0.    0.111 0.    0.    0.    0.    0.    0.222 0.    0.667],0.852,0.61125,0.7777777777777778
174,194,[0. 0. 0. 1.],[0. 0. 0. 0. 1.],[0. 0. 0. 0. 0. 0. 0. 0. 0. 1.],1.0,1.0,1.0
175,195,[0.2 0.  0.  0.8],[0.2 0.  0.  0.  0.8],[0.  0.2 0.  0.  0.  0.  0.  0.  0.  0.8],0.7333333333333334,0.7500000000000001,0.888888888888889
176,196,[0. 0. 0. 1.],[0.    0.    0.    0.067 0.933],[0.    0.    0.    0.    0.    0.    0.    0.067 0.    0.933],1.0,0.9162500000000001,0.9255555555555556
177,197,[0.  0.  0.4 0.6],[0.  0.  0.4 0.2 0.4],[0.  0.  0.  0.  0.  0.4 0.  0.2 0.  0.4],0.6666666666666666,0.5,0.7777777777777778
178,198,[0.083 0.    0.    0.917],[0.083 0.    0.    0.    0.917],[0.    0.083 0.    0.    0.    0.    0.    0.    0.    0.917],0.8893333333333334,0.8962500000000001,0.9077777777777778
179,199,[0.    0.125 0.    0.875],[0.    0.125 0.    0.    0.875],[0.    0.    0.    0.125 0.    0.    0.    0.    0.    0.875],0.8333333333333334,0.84375,0.888888888888889
180,200,[0. 0. 0. 1.],[0. 0. 0. 0. 1.],[0. 0. 0. 0. 0. 0. 0. 0. 0. 1.],1.0,1.0,1.0
181,201,[0. 0. 0. 1.],[0. 0. 0. 0. 1.],[0. 0. 0. 0. 0. 0. 0. 0. 0. 1.],1.0,1.0,1.0
182,202,[0. 0. 0. 1.],[0. 0. 0. 0. 1.],[0. 0. 0. 0. 0. 0. 0. 0. 0. 1.],1.0,1.0,1.0
183,203,[0.    0.143 0.143 0.714],[0.    0.143 0.143 0.429 0.286],[0.    0.    0.    0.143 0.    0.143 0.    0.429 0.    0.286],0.6186666666666666,0.393125,0.6672222222222222
184,204,[0. 0. 0. 1.],[0. 0. 0. 0. 1.],[0. 0. 0. 0. 0. 0. 0. 0. 0. 1.],1.0,1.0,1.0
185,205,[0. 0. 0. 1.],[0. 0. 0. 0. 1.],[0. 0. 0. 0. 0. 0. 0. 0. 0. 1.],1.0,1.0,1.0
186,206,[0.25 0.   0.   0.75],[0.25  0.    0.    0.125 0.625],[0.    0.25  0.    0.    0.    0.    0.    0.125 0.    0.625],0.6666666666666666,0.5937499999999999,0.7777777777777777
187,207,[0. 0. 0. 1.],[0. 0. 0. 0. 1.],[0. 0. 0. 0. 0. 0. 0. 0. 0. 1.],1.0,1.0,1.0
188,208,[0.1 0.  0.  0.9],[0.1 0.  0.  0.  0.9],[0.  0.1 0.  0.  0.  0.  0.  0.  0.  0.9],0.8666666666666667,0.8749999999999999,0.888888888888889
189,209,[0.    0.333 0.    0.667],[0.    0.333 0.    0.    0.667],[0.    0.    0.    0.333 0.    0.    0.    0.    0.    0.667],0.6666666666666666,0.7500000000000001,0.888888888888889
190,210,[0. 0. 0. 1.],[0. 0. 0. 1. 0.],[0. 0. 0. 0. 0. 0. 0. 1. 0. 0.],1.0,1.0,1.0000000000000002
191,211,[1. 0. 0. 0.],[1. 0. 0. 0. 0.],[0. 1. 0. 0. 0. 0. 0. 0. 0. 0.],1.0,0.9999999999999999,1.0000000000000002
192,212,[0.25 0.   0.   0.75],[0.25 0.   0.   0.   0.75],[0.   0.25 0.   0.   0.   0.   0.   0.   0.   0.75],0.6666666666666666,0.7500000000000001,0.888888888888889
193,213,[0. 0. 0. 1.],[0.    0.    0.    0.429 0.571],[0.    0.    0.    0.    0.    0.    0.    0.429 0.    0.571],1.0,0.7499999999999999,0.888888888888889
194,214,[0. 0. 0. 1.],[0.    0.    0.    0.429 0.571],[0.    0.    0.    0.    0.    0.    0.    0.429 0.    0.571],1.0,0.7499999999999999,0.888888888888889
195,215,[0.375 0.    0.    0.625],[0.375 0.    0.    0.25  0.375],[0.    0.375 0.    0.    0.    0.    0.    0.25  0.    0.375],0.6666666666666666,0.5,0.7777777777777777
196,216,[0. 0. 0. 1.],[0. 0. 0. 0. 1.],[0. 0. 0. 0. 0. 0. 0. 0. 0. 1.],1.0,1.0,1.0
197,217,[0. 0. 0. 1.],[0. 0. 0. 0. 1.],[0. 0. 0. 0. 0. 0. 0. 0. 0. 1.],1.0,1.0,1.0
198,218,[0.    0.    0.125 0.875],[0.    0.    0.125 0.25  0.625],[0.    0.    0.    0.    0.    0.125 0.    0.25  0.    0.625],0.8333333333333334,0.5937499999999999,0.7777777777777777
199,219,[0. 0. 0. 1.],[0. 0. 0. 0. 1.],[0. 0. 0. 0. 0. 0. 0. 0. 0. 1.],1.0,1.0,1.0
200,220,[0.    0.    0.167 0.833],[0.    0.    0.167 0.    0.833],[0.    0.    0.    0.    0.    0.167 0.    0.    0.    0.833],0.7773333333333333,0.79125,0.888888888888889
201,221,[0.    0.    0.333 0.667],[0.    0.    0.333 0.    0.667],[0.    0.    0.    0.    0.    0.333 0.    0.    0.    0.667],0.6666666666666666,0.7500000000000001,0.888888888888889
202,222,[0. 0. 0. 1.],[0. 0. 0. 0. 1.],[0. 0. 0. 0. 0. 0. 0. 0. 0. 1.],1.0,1.0,1.0
203,223,[0. 0. 0. 1.],[0. 0. 0. 0. 1.],[0. 0. 0. 0. 0. 0. 0. 0. 0. 1.],1.0,1.0,1.0
204,224,[0. 0. 0. 1.],[0. 0. 0. 1. 0.],[0. 0. 0. 0. 0. 0. 0. 1. 0. 0.],1.0,1.0,1.0000000000000002
205,226,[0. 0. 0. 1.],[0.    0.    0.    0.294 0.706],[0.    0.    0.    0.    0.    0.    0.    0.294 0.    0.706],1.0,0.7500000000000001,0.888888888888889
206,227,[0. 0. 0. 1.],[0.   0.   0.   0.75 0.25],[0.   0.   0.   0.   0.   0.   0.   0.75 0.   0.25],1.0,0.7500000000000001,0.888888888888889
207,233,[0. 0. 0. 1.],[0. 0. 0. 0. 1.],[0. 0. 0. 0. 0. 0. 0. 0. 0. 1.],1.0,1.0,1.0
208,234,[0. 0. 0. 1.],[0. 0. 0. 0. 1.],[0. 0. 0. 0. 0. 0. 0. 0. 0. 1.],1.0,1.0,1.0
209,236,[1. 0. 0. 0.],[1. 0. 0. 0. 0.],[0. 1. 0. 0. 0. 0. 0. 0. 0. 0.],1.0,0.9999999999999999,1.0000000000000002
210,237,[1. 0. 0. 0.],[1. 0. 0. 0. 0.],[0. 1. 0. 0. 0. 0. 0. 0. 0. 0.],1.0,0.9999999999999999,1.0000000000000002
211,239,[0. 0. 0. 1.],[0. 0. 0. 0. 1.],[0. 0. 0. 0. 0. 0. 0. 0. 0. 1.],1.0,1.0,1.0
212,240,[0. 0. 0. 1.],[0. 0. 0. 0. 1.],[0. 0. 0. 0. 0. 0. 0. 0. 0. 1.],1.0,1.0,1.0
213,241,[0.    0.    0.125 0.875],[0.    0.    0.125 0.    0.875],[0.    0.    0.    0.    0.    0.125 0.    0.    0.    0.875],0.8333333333333334,0.84375,0.888888888888889
214,255,[0.043 0.    0.261 0.696],[0.043 0.    0.261 0.    0.696],[0.    0.043 0.    0.    0.    0.261 0.    0.    0.    0.696],0.6093333333333333,0.69625,0.8411111111111111
215,256,[0. 0. 0. 1.],[0. 0. 0. 0. 1.],[0. 0. 0. 0. 0. 0. 0. 0. 0. 1.],1.0,1.0,1.0
216,257,[0.833 0.    0.    0.167],[0.833 0.    0.    0.    0.167],[0.    0.833 0.    0.    0.    0.    0.    0.    0.    0.167],0.7773333333333333,0.7912499999999998,0.8888888888888888
217,259,[0.038 0.    0.154 0.808],[0.038 0.    0.154 0.192 0.615],[0.    0.038 0.    0.    0.    0.154 0.    0.192 0.    0.615],0.7440000000000001,0.5193749999999999,0.735
218,260,[0. 0. 0. 1.],[0. 0. 0. 0. 1.],[0. 0. 0. 0. 0. 0. 0. 0. 0. 1.],1.0,1.0,1.0
219,261,[0. 0. 0. 1.],[0. 0. 0. 0. 1.],[0. 0. 0. 0. 0. 0. 0. 0. 0. 1.],1.0,1.0,1.0
220,262,[0. 1. 0. 0.],[0. 1. 0. 0. 0.],[0. 0. 0. 1. 0. 0. 0. 0. 0. 0.],1.0,0.9999999999999999,1.0000000000000002
221,263,[0.5 0.  0.  0.5],[0.5 0.  0.  0.  0.5],[0.  0.5 0.  0.  0.  0.  0.  0.  0.  0.5],0.6666666666666666,0.7499999999999999,0.888888888888889
222,264,[0. 0. 0. 1.],[0. 0. 0. 0. 1.],[0. 0. 0. 0. 0. 0. 0. 0. 0. 1.],1.0,1.0,1.0
223,265,[0. 0. 0. 1.],[0. 0. 0. 0. 1.],[0. 0. 0. 0. 0. 0. 0. 0. 0. 1.],1.0,1.0,1.0
224,266,[0. 0. 0. 1.],[0. 0. 0. 0. 1.],[0. 0. 0. 0. 0. 0. 0. 0. 0. 1.],1.0,1.0,1.0
225,267,[0. 0. 0. 1.],[0.    0.    0.    0.063 0.938],[0.    0.    0.    0.    0.    0.    0.    0.063 0.    0.938],1.0,0.921875,0.9305555555555556
226,268,[0.125 0.    0.312 0.562],[0.125 0.    0.312 0.    0.563],[0.    0.125 0.    0.    0.    0.312 0.    0.    0.    0.563],0.4993333333333334,0.5937499999999999,0.7777777777777777
227,269,[0.    0.    0.455 0.545],[0.    0.    0.455 0.    0.545],[0.    0.    0.    0.    0.    0.455 0.    0.    0.    0.545],0.6666666666666666,0.7499999999999999,0.8888888888888891
228,270,[0. 0. 0. 1.],[0.    0.    0.    0.211 0.789],[0.    0.    0.    0.    0.    0.    0.    0.211 0.    0.789],1.0,0.7500000000000001,0.888888888888889
229,271,[0. 0. 0. 1.],[0. 0. 0. 1. 0.],[0. 0. 0. 0. 0. 0. 0. 1. 0. 0.],1.0,1.0,1.0000000000000002
230,272,[0.    0.091 0.    0.909],[0.    0.091 0.    0.    0.909],[0.    0.    0.    0.091 0.    0.    0.    0.    0.    0.909],0.8786666666666667,0.8862500000000001,0.898888888888889
231,273,[0. 0. 0. 1.],[0. 0. 0. 0. 1.],[0. 0. 0. 0. 0. 0. 0. 0. 0. 1.],1.0,1.0,1.0
232,275,[0.258 0.129 0.    0.613],[0.258 0.129 0.    0.    0.613],[0.    0.258 0.    0.129 0.    0.    0.    0.    0.    0.613],0.49466666666666664,0.5887499999999999,0.7777777777777777
233,276,[0.    0.    0.333 0.667],[0.    0.    0.333 0.    0.667],[0.    0.    0.    0.    0.    0.333 0.    0.    0.    0.667],0.6666666666666666,0.7500000000000001,0.888888888888889
234,277,[0. 0. 0. 1.],[0. 0. 0. 0. 1.],[0. 0. 0. 0. 0. 0. 0. 0. 0. 1.],1.0,1.0,1.0
235,278,[0. 0. 0. 1.],[0. 0. 0. 0. 1.],[0. 0. 0. 0. 0. 0. 0. 0. 0. 1.],1.0,1.0,1.0
236,279,[0.071 0.    0.143 0.786],[0.071 0.    0.143 0.357 0.429],[0.    0.071 0.    0.    0.    0.143 0.    0.357 0.    0.429],0.7146666666666667,0.48249999999999993,0.6988888888888889
237,280,[0. 0. 0. 1.],[0. 0. 0. 0. 1.],[0. 0. 0. 0. 0. 0. 0. 0. 0. 1.],1.0,1.0,1.0
238,281,[0. 0. 0. 1.],[0. 0. 0. 0. 1.],[0. 0. 0. 0. 0. 0. 0. 0. 0. 1.],1.0,1.0,1.0
239,282,[0. 0. 0. 1.],[0. 0. 0. 0. 1.],[0. 0. 0. 0. 0. 0. 0. 0. 0. 1.],1.0,1.0,1.0
240,283,[0. 0. 0. 1.],[0. 0. 0. 0. 1.],[0. 0. 0. 0. 0. 0. 0. 0. 0. 1.],1.0,1.0,1.0
241,284,[0. 0. 0. 1.],[0. 0. 0. 0. 1.],[0. 0. 0. 0. 0. 0. 0. 0. 0. 1.],1.0,1.0,1.0
242,285,[0.  0.  0.7 0.3],[0.  0.  0.7 0.  0.3],[0.  0.  0.  0.  0.  0.7 0.  0.  0.  0.3],0.6666666666666666,0.7499999999999998,0.8888888888888888
243,286,[0.444 0.    0.    0.556],[0.444 0.    0.    0.    0.556],[0.    0.444 0.    0.    0.    0.    0.    0.    0.    0.556],0.6666666666666666,0.7500000000000001,0.888888888888889
244,287,[0. 0. 0. 1.],[0. 0. 0. 0. 1.],[0. 0. 0. 0. 0. 0. 0. 0. 0. 1.],1.0,1.0,1.0
245,288,[0. 0. 0. 1.],[0. 0. 0. 0. 1.],[0. 0. 0. 0. 0. 0. 0. 0. 0. 1.],1.0,1.0,1.0
246,289,[0.273 0.    0.    0.727],[0.273 0.    0.    0.    0.727],[0.    0.273 0.    0.    0.    0.    0.    0.    0.    0.727],0.6666666666666666,0.7499999999999999,0.888888888888889
247,290,[0. 0. 0. 1.],[0. 0. 0. 0. 1.],[0. 0. 0. 0. 0. 0. 0. 0. 0. 1.],1.0,1.0,1.0
248,291,[0. 0. 0. 1.],[0. 0. 0. 0. 1.],[0. 0. 0. 0. 0. 0. 0. 0. 0. 1.],1.0,1.0,1.0
249,293,[0.    0.091 0.    0.909],[0.    0.091 0.    0.545 0.364],[0.    0.    0.    0.091 0.    0.    0.    0.545 0.    0.364],0.8786666666666667,0.63625,0.7877777777777779
250,294,[0. 0. 0. 1.],[0. 0. 0. 0. 1.],[0. 0. 0. 0. 0. 0. 0. 0. 0. 1.],1.0,1.0,1.0
251,295,[0.    0.286 0.    0.714],[0.    0.286 0.    0.    0.714],[0.    0.    0.    0.286 0.    0.    0.    0.    0.    0.714],0.6666666666666666,0.7499999999999999,0.888888888888889
252,296,[0.    0.    0.143 0.857],[0.    0.    0.143 0.    0.857],[0.    0.    0.    0.    0.    0.143 0.    0.    0.    0.857],0.8093333333333333,0.82125,0.888888888888889
253,297,[0.429 0.    0.    0.571],[0.429 0.    0.    0.    0.571],[0.    0.429 0.    0.    0.    0.    0.    0.    0.    0.571],0.6666666666666666,0.7499999999999999,0.888888888888889
254,298,[0.071 0.    0.    0.929],[0.071 0.    0.    0.071 0.857],[0.    0.071 0.    0.    0.    0.    0.    0.071 0.    0.857],0.9053333333333334,0.8218749999999999,0.8416666666666667
255,299,[0.125 0.125 0.    0.75 ],[0.125 0.125 0.    0.    0.75 ],[0.    0.125 0.    0.125 0.    0.    0.    0.    0.    0.75 ],0.6666666666666666,0.6875,0.7777777777777777
256,300,[0.069 0.    0.    0.931],[0.069 0.    0.    0.069 0.862],[0.    0.069 0.    0.    0.    0.    0.    0.069 0.    0.862],0.908,0.8274999999999999,0.8466666666666667
257,301,[0.056 0.    0.    0.944],[0.056 0.    0.    0.    0.944],[0.    0.056 0.    0.    0.    0.    0.    0.    0.    0.944],0.9253333333333332,0.9299999999999999,0.9377777777777777
258,302,[0. 0. 0. 1.],[0. 0. 0. 0. 1.],[0. 0. 0. 0. 0. 0. 0. 0. 0. 1.],1.0,1.0,1.0
259,303,[0.138 0.034 0.103 0.724],[0.138 0.034 0.103 0.172 0.552],[0.    0.138 0.    0.034 0.    0.103 0.    0.172 0.    0.552],0.6326666666666666,0.44062500000000004,0.6283333333333333
260,304,[0. 0. 0. 1.],[0. 0. 0. 0. 1.],[0. 0. 0. 0. 0. 0. 0. 0. 0. 1.],1.0,1.0,1.0
261,305,[0. 0. 0. 1.],[0.    0.    0.    0.625 0.375],[0.    0.    0.    0.    0.    0.    0.    0.625 0.    0.375],1.0,0.7500000000000001,0.888888888888889
262,306,[0.    0.259 0.    0.741],[0.    0.259 0.    0.074 0.667],[0.    0.    0.    0.259 0.    0.    0.    0.074 0.    0.667],0.6666666666666666,0.6575,0.8066666666666666
263,307,[0.    0.167 0.    0.833],[0.    0.167 0.    0.    0.833],[0.    0.    0.    0.167 0.    0.    0.    0.    0.    0.833],0.7773333333333333,0.79125,0.888888888888889
264,308,[0.    0.103 0.    0.897],[0.    0.103 0.    0.    0.897],[0.    0.    0.    0.103 0.    0.    0.    0.    0.    0.897],0.8626666666666667,0.8712500000000001,0.888888888888889
265,309,[0. 0. 0. 1.],[0. 0. 0. 0. 1.],[0. 0. 0. 0. 0. 0. 0. 0. 0. 1.],1.0,1.0,1.0
266,310,[0.25  0.312 0.    0.438],[0.25  0.312 0.    0.    0.438],[0.    0.25  0.    0.313 0.    0.    0.    0.    0.    0.438],0.3333333333333333,0.5,0.7783333333333332
267,311,[0.083 0.167 0.    0.75 ],[0.083 0.167 0.    0.292 0.458],[0.    0.083 0.    0.167 0.    0.    0.    0.292 0.    0.458],0.6666666666666666,0.43749999999999994,0.6855555555555556
268,312,[0.103 0.103 0.    0.793],[0.103 0.103 0.    0.    0.793],[0.    0.103 0.    0.103 0.    0.    0.    0.    0.    0.793],0.7246666666666668,0.741875,0.7772222222222223
269,313,[0.    0.455 0.    0.545],[0.    0.455 0.    0.455 0.091],[0.    0.    0.    0.455 0.    0.    0.    0.455 0.    0.091],0.6666666666666666,0.6368750000000001,0.7883333333333333
270,314,[0.    0.273 0.    0.727],[0.    0.273 0.    0.    0.727],[0.    0.    0.    0.273 0.    0.    0.    0.    0.    0.727],0.6666666666666666,0.7499999999999999,0.888888888888889
271,315,[0. 0. 0. 1.],[0.    0.    0.    0.111 0.889],[0.    0.    0.    0.    0.    0.    0.    0.111 0.    0.889],1.0,0.8612500000000001,0.888888888888889
272,316,[0. 0. 0. 1.],[0. 0. 0. 0. 1.],[0. 0. 0. 0. 0. 0. 0. 0. 0. 1.],1.0,1.0,1.0
273,317,[0.    0.    0.182 0.818],[0.    0.    0.182 0.    0.818],[0.    0.    0.    0.    0.    0.182 0.    0.    0.    0.818],0.7573333333333334,0.7725,0.888888888888889
274,325,[0. 0. 0. 1.],[0. 0. 0. 0. 1.],[0. 0. 0. 0. 0. 0. 0. 0. 0. 1.],1.0,1.0,1.0
275,326,[0. 0. 0. 1.],[0. 0. 0. 0. 1.],[0. 0. 0. 0. 0. 0. 0. 0. 0. 1.],1.0,1.0,1.0
276,329,[0.143 0.    0.    0.857],[0.143 0.    0.    0.    0.857],[0.    0.143 0.    0.    0.    0.    0.    0.    0.    0.857],0.8093333333333333,0.82125,0.888888888888889
277,330,[0. 0. 0. 1.],[0. 0. 0. 0. 1.],[0. 0. 0. 0. 0. 0. 0. 0. 0. 1.],1.0,1.0,1.0
278,343,[0. 0. 0. 1.],[0.    0.    0.    0.077 0.923],[0.    0.    0.    0.    0.    0.    0.    0.077 0.    0.923],1.0,0.90375,0.9144444444444445
279,344,[0.2  0.05 0.   0.75],[0.2  0.05 0.   0.   0.75],[0.   0.2  0.   0.05 0.   0.   0.   0.   0.   0.75],0.6666666666666666,0.6875,0.8333333333333333
280,345,[0.429 0.    0.071 0.5  ],[0.429 0.    0.071 0.071 0.429],[0.    0.429 0.    0.    0.    0.071 0.    0.071 0.    0.429],0.572,0.5725,0.731111111111111
281,346,[0.278 0.    0.056 0.667],[0.278 0.    0.056 0.    0.667],[0.    0.278 0.    0.    0.    0.056 0.    0.    0.    0.667],0.5926666666666667,0.680625,0.8272222222222223
282,347,[0.059 0.    0.176 0.765],[0.059 0.    0.176 0.    0.765],[0.    0.059 0.    0.    0.    0.176 0.    0.    0.    0.765],0.6866666666666666,0.7062499999999999,0.8233333333333335
283,348,[0. 0. 0. 1.],[0. 0. 0. 0. 1.],[0. 0. 0. 0. 0. 0. 0. 0. 0. 1.],1.0,1.0,1.0
284,349,[0.8 0.  0.  0.2],[0.8 0.  0.  0.  0.2],[0.  0.8 0.  0.  0.  0.  0.  0.  0.  0.2],0.7333333333333334,0.7499999999999999,0.888888888888889
285,350,[0.385 0.    0.    0.615],[0.385 0.    0.    0.    0.615],[0.    0.385 0.    0.    0.    0.    0.    0.    0.    0.615],0.6666666666666666,0.7499999999999999,0.888888888888889
286,351,[0.    0.    0.714 0.286],[0.    0.    0.714 0.    0.286],[0.    0.    0.    0.    0.    0.714 0.    0.    0.    0.286],0.6666666666666666,0.7500000000000001,0.888888888888889
287,352,[0.3 0.  0.  0.7],[0.3 0.  0.  0.  0.7],[0.  0.3 0.  0.  0.  0.  0.  0.  0.  0.7],0.6666666666666666,0.7499999999999999,0.888888888888889
288,353,[0. 0. 0. 1.],[0. 0. 0. 0. 1.],[0. 0. 0. 0. 0. 0. 0. 0. 0. 1.],1.0,1.0,1.0
289,356,[0. 0. 0. 1.],[0. 0. 0. 0. 1.],[0. 0. 0. 0. 0. 0. 0. 0. 0. 1.],1.0,1.0,1.0
290,358,[0.    0.467 0.    0.533],[0.    0.467 0.    0.    0.533],[0.    0.    0.    0.467 0.    0.    0.    0.    0.    0.533],0.6666666666666666,0.7499999999999999,0.8888888888888891
291,359,[0.    0.375 0.    0.625],[0.    0.375 0.    0.    0.625],[0.    0.    0.    0.375 0.    0.    0.    0.    0.    0.625],0.6666666666666666,0.7499999999999999,0.888888888888889
292,360,[0. 0. 0. 1.],[0.    0.    0.    0.125 0.875],[0.    0.    0.    0.    0.    0.    0.    0.125 0.    0.875],1.0,0.84375,0.888888888888889
293,362,[0.167 0.    0.    0.833],[0.167 0.    0.    0.028 0.806],[0.    0.167 0.    0.    0.    0.    0.    0.028 0.    0.806],0.7773333333333333,0.7568750000000002,0.8583333333333333
294,363,[0.071 0.357 0.    0.571],[0.071 0.357 0.    0.429 0.143],[0.    0.071 0.    0.357 0.    0.    0.    0.429 0.    0.143],0.5713333333333334,0.4825,0.6988888888888889
295,364,[0.067 0.    0.    0.933],[0.067 0.    0.    0.333 0.6  ],[0.    0.067 0.    0.    0.    0.    0.    0.333 0.    0.6  ],0.9106666666666667,0.66625,0.8144444444444445
296,365,[0.    0.286 0.    0.714],[0.    0.286 0.    0.    0.714],[0.    0.    0.    0.286 0.    0.    0.    0.    0.    0.714],0.6666666666666666,0.7499999999999999,0.888888888888889
297,366,[0.    0.    0.143 0.857],[0.    0.    0.143 0.    0.857],[0.    0.    0.    0.    0.    0.143 0.    0.    0.    0.857],0.8093333333333333,0.82125,0.888888888888889
298,367,[0.  0.3 0.  0.7],[0.  0.3 0.  0.  0.7],[0.  0.  0.  0.3 0.  0.  0.  0.  0.  0.7],0.6666666666666666,0.7499999999999999,0.888888888888889
299,368,[0. 0. 0. 1.],[0.    0.    0.    0.235 0.765],[0.    0.    0.    0.    0.    0.    0.    0.235 0.    0.765],1.0,0.7499999999999999,0.888888888888889
300,369,[0.    0.    0.471 0.529],[0.    0.    0.471 0.    0.529],[0.    0.    0.    0.    0.    0.471 0.    0.    0.    0.529],0.6666666666666666,0.7499999999999999,0.8888888888888891
301,370,[0. 0. 0. 1.],[0.    0.    0.    0.185 0.815],[0.    0.    0.    0.    0.    0.    0.    0.185 0.    0.815],1.0,0.7687499999999999,0.888888888888889
302,371,[0. 0. 0. 1.],[0. 0. 0. 0. 1.],[0. 0. 0. 0. 0. 0. 0. 0. 0. 1.],1.0,1.0,1.0
303,372,[0.    0.222 0.111 0.667],[0.    0.222 0.111 0.111 0.556],[0.    0.    0.    0.222 0.    0.111 0.    0.111 0.    0.556],0.556,0.4725,0.6666666666666667
304,373,[0.204 0.102 0.    0.694],[0.204 0.102 0.    0.082 0.612],[0.    0.204 0.    0.102 0.    0.    0.    0.082 0.    0.612],0.592,0.5199999999999999,0.6866666666666666
305,374,[0.429 0.    0.    0.571],[0.429 0.    0.    0.    0.571],[0.    0.429 0.    0.    0.    0.    0.    0.    0.    0.571],0.6666666666666666,0.7499999999999999,0.888888888888889
306,375,[0.    0.    0.231 0.769],[0.    0.    0.231 0.    0.769],[0.    0.    0.    0.    0.    0.231 0.    0.    0.    0.769],0.6920000000000001,0.7499999999999999,0.888888888888889
307,376,[0.   0.   0.75 0.25],[0.   0.   0.75 0.   0.25],[0.   0.   0.   0.   0.   0.75 0.   0.   0.   0.25],0.6666666666666666,0.7500000000000001,0.888888888888889
308,377,[0.188 0.    0.094 0.719],[0.188 0.    0.094 0.031 0.688],[0.    0.188 0.    0.    0.    0.094 0.    0.031 0.    0.688],0.6246666666666666,0.609375,0.7505555555555555
309,378,[0.125 0.    0.    0.875],[0.125 0.    0.    0.    0.875],[0.    0.125 0.    0.    0.    0.    0.    0.    0.    0.875],0.8333333333333334,0.84375,0.888888888888889
310,381,[0.333 0.    0.    0.667],[0.333 0.    0.    0.    0.667],[0.    0.333 0.    0.    0.    0.    0.    0.    0.    0.667],0.6666666666666666,0.7500000000000001,0.888888888888889
311,382,[0.273 0.    0.    0.727],[0.273 0.    0.    0.591 0.136],[0.    0.273 0.    0.    0.    0.    0.    0.591 0.    0.136],0.6666666666666666,0.58,0.7777777777777778
312,383,[0.25 0.   0.   0.75],[0.25 0.   0.   0.35 0.4 ],[0.   0.25 0.   0.   0.   0.   0.   0.35 0.   0.4 ],0.6666666666666666,0.5,0.7777777777777778
313,384,[0.143 0.    0.    0.857],[0.143 0.    0.    0.    0.857],[0.    0.143 0.    0.    0.    0.    0.    0.    0.    0.857],0.8093333333333333,0.82125,0.888888888888889
314,385,[0. 0. 0. 1.],[0. 0. 0. 0. 1.],[0. 0. 0. 0. 0. 0. 0. 0. 0. 1.],1.0,1.0,1.0
315,386,[0.    0.136 0.227 0.636],[0.    0.136 0.227 0.182 0.455],[0.    0.    0.    0.136 0.    0.227 0.    0.182 0.    0.455],0.5153333333333333,0.35250000000000004,0.6666666666666667
316,387,[0. 0. 0. 1.],[0.    0.    0.    0.048 0.952],[0.    0.    0.    0.    0.    0.    0.    0.048 0.    0.952],1.0,0.94,0.9466666666666667
317,388,[0.111 0.    0.    0.889],[0.111 0.    0.    0.667 0.222],[0.    0.111 0.    0.    0.    0.    0.    0.667 0.    0.222],0.852,0.6112500000000001,0.7777777777777777
318,389,[0. 0. 0. 1.],[0.    0.    0.    0.273 0.727],[0.    0.    0.    0.    0.    0.    0.    0.273 0.    0.727],1.0,0.7499999999999999,0.888888888888889
319,390,[0.143 0.    0.    0.857],[0.143 0.    0.    0.357 0.5  ],[0.    0.143 0.    0.    0.    0.    0.    0.357 0.    0.5  ],0.8093333333333333,0.5712499999999999,0.7777777777777777
320,391,[0. 0. 0. 1.],[0. 0. 0. 0. 1.],[0. 0. 0. 0. 0. 0. 0. 0. 0. 1.],1.0,1.0,1.0
321,392,[0. 0. 0. 1.],[0. 0. 0. 0. 1.],[0. 0. 0. 0. 0. 0. 0. 0. 0. 1.],1.0,1.0,1.0
322,393,[0. 0. 0. 1.],[0.    0.    0.    0.273 0.727],[0.    0.    0.    0.    0.    0.    0.    0.273 0.    0.727],1.0,0.7499999999999999,0.888888888888889
323,394,[0. 0. 0. 1.],[0. 0. 0. 0. 1.],[0. 0. 0. 0. 0. 0. 0. 0. 0. 1.],1.0,1.0,1.0
324,395,[0. 0. 0. 1.],[0.    0.    0.    0.222 0.778],[0.    0.    0.    0.    0.    0.    0.    0.222 0.    0.778],1.0,0.7500000000000001,0.888888888888889
325,396,[0. 0. 0. 1.],[0. 0. 0. 0. 1.],[0. 0. 0. 0. 0. 0. 0. 0. 0. 1.],1.0,1.0,1.0
326,397,[0.281 0.125 0.    0.594],[0.281 0.125 0.    0.    0.594],[0.    0.281 0.    0.125 0.    0.    0.    0.    0.    0.594],0.5,0.5937499999999999,0.7777777777777777
327,398,[0. 0. 0. 1.],[0. 0. 0. 0. 1.],[0. 0. 0. 0. 0. 0. 0. 0. 0. 1.],1.0,1.0,1.0
328,399,[0. 0. 0. 1.],[0. 0. 0. 0. 1.],[0. 0. 0. 0. 0. 0. 0. 0. 0. 1.],1.0,1.0,1.0
329,400,[0.1 0.1 0.1 0.7],[0.1 0.1 0.1 0.  0.7],[0.  0.1 0.  0.1 0.  0.1 0.  0.  0.  0.7],0.6,0.625,0.6666666666666666
330,401,[0.062 0.    0.    0.938],[0.062 0.    0.    0.5   0.438],[0.    0.062 0.    0.    0.    0.    0.    0.5   0.    0.438],0.9173333333333332,0.6725,0.82
331,402,[0.182 0.    0.    0.818],[0.182 0.    0.    0.136 0.682],[0.    0.182 0.    0.    0.    0.    0.    0.136 0.    0.682],0.7573333333333334,0.6025,0.7777777777777777
332,403,[0.273 0.    0.    0.727],[0.273 0.    0.    0.182 0.545],[0.    0.273 0.    0.    0.    0.    0.    0.182 0.    0.545],0.6666666666666666,0.5225,0.7777777777777777
333,404,[0.067 0.    0.2   0.733],[0.067 0.    0.2   0.    0.733],[0.    0.067 0.    0.    0.    0.2   0.    0.    0.    0.733],0.644,0.6662499999999999,0.8144444444444445
334,405,[0. 0. 0. 1.],[0. 0. 0. 0. 1.],[0. 0. 0. 0. 0. 0. 0. 0. 0. 1.],1.0,1.0,1.0
335,406,[0.    0.    0.167 0.833],[0.    0.    0.167 0.    0.833],[0.    0.    0.    0.    0.    0.167 0.    0.    0.    0.833],0.7773333333333333,0.79125,0.888888888888889
336,408,[0. 0. 0. 1.],[0.    0.    0.    0.583 0.417],[0.    0.    0.    0.    0.    0.    0.    0.583 0.    0.417],1.0,0.7500000000000001,0.8888888888888888
337,409,[0.   0.   0.15 0.85],[0.   0.   0.15 0.2  0.65],[0.   0.   0.   0.   0.   0.15 0.   0.2  0.   0.65],0.7999999999999999,0.5625,0.7777777777777777
338,410,[0.444 0.    0.    0.556],[0.444 0.    0.    0.    0.556],[0.    0.444 0.    0.    0.    0.    0.    0.    0.    0.556],0.6666666666666666,0.7500000000000001,0.888888888888889
339,411,[0.    0.    0.333 0.667],[0.    0.    0.333 0.333 0.333],[0.    0.    0.    0.    0.    0.333 0.    0.333 0.    0.333],0.6666666666666666,0.499375,0.7772222222222224
340,412,[0. 0. 0. 1.],[0.  0.  0.  0.6 0.4],[0.  0.  0.  0.  0.  0.  0.  0.6 0.  0.4],1.0,0.7499999999999999,0.8888888888888891
341,413,[0.091 0.    0.    0.909],[0.091 0.    0.    0.    0.909],[0.    0.091 0.    0.    0.    0.    0.    0.    0.    0.909],0.8786666666666667,0.8862500000000001,0.898888888888889
342,414,[0. 0. 0. 1.],[0.    0.    0.    0.714 0.286],[0.    0.    0.    0.    0.    0.    0.    0.714 0.    0.286],1.0,0.7500000000000001,0.888888888888889
343,415,[0.    0.214 0.    0.786],[0.    0.214 0.    0.071 0.714],[0.    0.    0.    0.214 0.    0.    0.    0.071 0.    0.714],0.7146666666666667,0.6606249999999999,0.8094444444444444
344,416,[0.583 0.    0.    0.417],[0.583 0.    0.    0.    0.417],[0.    0.583 0.    0.    0.    0.    0.    0.    0.    0.417],0.6666666666666666,0.7499999999999998,0.8888888888888888
345,417,[0. 0. 0. 1.],[0. 0. 0. 0. 1.],[0. 0. 0. 0. 0. 0. 0. 0. 0. 1.],1.0,1.0,1.0
346,418,[0. 0. 0. 1.],[0.    0.    0.    0.429 0.571],[0.    0.    0.    0.    0.    0.    0.    0.429 0.    0.571],1.0,0.7499999999999999,0.888888888888889
347,419,[1. 0. 0. 0.],[1. 0. 0. 0. 0.],[0. 1. 0. 0. 0. 0. 0. 0. 0. 0.],1.0,0.9999999999999999,1.0000000000000002
348,420,[0. 0. 0. 1.],[0. 0. 0. 0. 1.],[0. 0. 0. 0. 0. 0. 0. 0. 0. 1.],1.0,1.0,1.0
349,421,[0. 0. 0. 1.],[0. 0. 0. 0. 1.],[0. 0. 0. 0. 0. 0. 0. 0. 0. 1.],1.0,1.0,1.0
350,422,[0.  0.  0.5 0.5],[0.   0.   0.5  0.25 0.25],[0.   0.   0.   0.   0.   0.5  0.   0.25 0.   0.25],0.6666666666666666,0.5,0.7777777777777777
351,423,[0.    0.667 0.333 0.   ],[0.    0.667 0.333 0.    0.   ],[0.    0.    0.    0.667 0.    0.333 0.    0.    0.    0.   ],0.6666666666666666,0.7499999999999999,0.888888888888889
352,424,[0. 0. 0. 1.],[0.    0.    0.    0.348 0.652],[0.    0.    0.    0.    0.    0.    0.    0.348 0.    0.652],1.0,0.7499999999999999,0.888888888888889
353,425,[0.571 0.    0.429 0.   ],[0.571 0.    0.429 0.    0.   ],[0.    0.571 0.    0.    0.    0.429 0.    0.    0.    0.   ],0.6666666666666666,0.7499999999999999,0.888888888888889
354,426,[0.061 0.041 0.    0.898],[0.061 0.041 0.    0.102 0.796],[0.    0.061 0.    0.041 0.    0.    0.    0.102 0.    0.796],0.864,0.7450000000000001,0.7755555555555556
355,427,[0. 0. 0. 1.],[0. 0. 0. 0. 1.],[0. 0. 0. 0. 0. 0. 0. 0. 0. 1.],1.0,1.0,1.0
356,428,[0. 0. 0. 1.],[0.    0.    0.    0.143 0.857],[0.    0.    0.    0.    0.    0.    0.    0.143 0.    0.857],1.0,0.82125,0.888888888888889
357,430,[0.231 0.154 0.    0.615],[0.231 0.154 0.    0.    0.615],[0.    0.231 0.    0.154 0.    0.    0.    0.    0.    0.615],0.48666666666666664,0.5575,0.7777777777777777
358,431,[0. 0. 0. 1.],[0. 0. 0. 0. 1.],[0. 0. 0. 0. 0. 0. 0. 0. 0. 1.],1.0,1.0,1.0
359,432,[0.125 0.25  0.    0.625],[0.125 0.25  0.    0.063 0.563],[0.    0.125 0.    0.25  0.    0.    0.    0.063 0.    0.563],0.5,0.5156249999999999,0.7083333333333333
360,433,[0. 0. 0. 1.],[0. 0. 0. 0. 1.],[0. 0. 0. 0. 0. 0. 0. 0. 0. 1.],1.0,1.0,1.0
361,434,[0.206 0.412 0.118 0.265],[0.206 0.412 0.118 0.    0.265],[0.    0.206 0.    0.412 0.    0.118 0.    0.    0.    0.265],0.2353333333333333,0.35312499999999997,0.6672222222222223
362,435,[0.    0.059 0.    0.941],[0.    0.059 0.    0.    0.941],[0.    0.    0.    0.059 0.    0.    0.    0.    0.    0.941],0.9213333333333334,0.9262499999999999,0.9344444444444444
363,436,[0. 0. 0. 1.],[0.    0.    0.    0.241 0.759],[0.    0.    0.    0.    0.    0.    0.    0.241 0.    0.759],1.0,0.7499999999999999,0.888888888888889
364,437,[0. 0. 0. 1.],[0.    0.    0.    0.118 0.882],[0.    0.    0.    0.    0.    0.    0.    0.118 0.    0.882],1.0,0.8525,0.888888888888889
365,438,[0.    0.316 0.    0.684],[0.    0.316 0.    0.263 0.421],[0.    0.    0.    0.316 0.    0.    0.    0.263 0.    0.421],0.6666666666666666,0.49999999999999994,0.7777777777777778
366,439,[0. 0. 0. 1.],[0. 0. 0. 0. 1.],[0. 0. 0. 0. 0. 0. 0. 0. 0. 1.],1.0,1.0,1.0
367,440,[0. 0. 0. 1.],[0.    0.    0.    0.067 0.933],[0.    0.    0.    0.    0.    0.    0.    0.067 0.    0.933],1.0,0.9162500000000001,0.9255555555555556
368,441,[0.778 0.    0.    0.222],[0.778 0.    0.    0.    0.222],[0.    0.778 0.    0.    0.    0.    0.    0.    0.    0.222],0.7040000000000001,0.7499999999999999,0.888888888888889
369,442,[0.    0.222 0.    0.778],[0.    0.222 0.    0.    0.778],[0.    0.    0.    0.222 0.    0.    0.    0.    0.    0.778],0.7040000000000001,0.7500000000000001,0.888888888888889
370,443,[0. 0. 0. 1.],[0. 0. 0. 0. 1.],[0. 0. 0. 0. 0. 0. 0. 0. 0. 1.],1.0,1.0,1.0
371,444,[0.    0.    0.222 0.778],[0.    0.    0.222 0.    0.778],[0.    0.    0.    0.    0.    0.222 0.    0.    0.    0.778],0.7040000000000001,0.7500000000000001,0.888888888888889
372,445,[0.   0.05 0.   0.95],[0.   0.05 0.   0.05 0.9 ],[0.   0.   0.   0.05 0.   0.   0.   0.05 0.   0.9 ],0.9333333333333332,0.8749999999999999,0.888888888888889
373,446,[0.048 0.048 0.19  0.714],[0.048 0.048 0.19  0.238 0.476],[0.    0.048 0.    0.048 0.    0.19  0.    0.238 0.    0.476],0.6186666666666666,0.39249999999999996,0.6711111111111111
374,447,[0. 0. 0. 1.],[0.    0.    0.    0.167 0.833],[0.    0.    0.    0.    0.    0.    0.    0.167 0.    0.833],1.0,0.79125,0.888888888888889
375,448,[0.6 0.  0.  0.4],[0.6 0.  0.  0.  0.4],[0.  0.6 0.  0.  0.  0.  0.  0.  0.  0.4],0.6666666666666666,0.7499999999999999,0.8888888888888891
376,449,[0.  0.2 0.  0.8],[0.  0.2 0.  0.  0.8],[0.  0.  0.  0.2 0.  0.  0.  0.  0.  0.8],0.7333333333333334,0.7500000000000001,0.888888888888889
377,450,[0.    0.222 0.    0.778],[0.    0.222 0.    0.222 0.556],[0.    0.    0.    0.222 0.    0.    0.    0.222 0.    0.556],0.7040000000000001,0.5,0.7777777777777778
378,451,[0.222 0.    0.    0.778],[0.222 0.    0.    0.    0.778],[0.    0.222 0.    0.    0.    0.    0.    0.    0.    0.778],0.7040000000000001,0.7500000000000001,0.888888888888889
379,452,[0.333 0.    0.133 0.533],[0.333 0.    0.133 0.    0.533],[0.    0.333 0.    0.    0.    0.133 0.    0.    0.    0.533],0.48866666666666675,0.583125,0.7772222222222223
380,453,[0.188 0.062 0.438 0.312],[0.188 0.062 0.437 0.125 0.188],[0.    0.188 0.    0.063 0.    0.437 0.    0.125 0.    0.188],0.3333333333333333,0.29625,0.5972222222222222
381,455,[0.238 0.    0.    0.762],[0.238 0.    0.    0.    0.762],[0.    0.238 0.    0.    0.    0.    0.    0.    0.    0.762],0.6826666666666666,0.7500000000000001,0.888888888888889
382,456,[0. 0. 0. 1.],[0. 0. 0. 0. 1.],[0. 0. 0. 0. 0. 0. 0. 0. 0. 1.],1.0,1.0,1.0
383,457,[0.    0.375 0.    0.625],[0.    0.375 0.    0.    0.625],[0.    0.    0.    0.375 0.    0.    0.    0.    0.    0.625],0.6666666666666666,0.7499999999999999,0.888888888888889
384,458,[0.08 0.   0.08 0.84],[0.08 0.   0.08 0.24 0.6 ],[0.   0.08 0.   0.   0.   0.08 0.   0.24 0.   0.6 ],0.7866666666666666,0.5499999999999999,0.711111111111111
385,459,[0. 0. 0. 1.],[0. 0. 0. 0. 1.],[0. 0. 0. 0. 0. 0. 0. 0. 0. 1.],1.0,1.0,1.0
386,460,[0. 0. 0. 1.],[0. 0. 0. 0. 1.],[0. 0. 0. 0. 0. 0. 0. 0. 0. 1.],1.0,1.0,1.0
387,461,[0. 0. 0. 1.],[0. 0. 0. 0. 1.],[0. 0. 0. 0. 0. 0. 0. 0. 0. 1.],1.0,1.0,1.0
388,462,[0. 0. 0. 1.],[0. 0. 0. 0. 1.],[0. 0. 0. 0. 0. 0. 0. 0. 0. 1.],1.0,1.0,1.0
389,463,[0. 0. 0. 1.],[0. 0. 0. 0. 1.],[0. 0. 0. 0. 0. 0. 0. 0. 0. 1.],1.0,1.0,1.0
390,464,[0.    0.125 0.    0.875],[0.    0.125 0.    0.    0.875],[0.    0.    0.    0.125 0.    0.    0.    0.    0.    0.875],0.8333333333333334,0.84375,0.888888888888889
391,465,[0.  0.2 0.  0.8],[0.  0.2 0.  0.2 0.6],[0.  0.  0.  0.2 0.  0.  0.  0.2 0.  0.6],0.7333333333333334,0.5,0.7777777777777777
392,466,[0.    0.214 0.    0.786],[0.    0.214 0.    0.643 0.143],[0.    0.    0.    0.214 0.    0.    0.    0.643 0.    0.143],0.7146666666666667,0.57125,0.7777777777777778
393,467,[0. 0. 0. 1.],[0.    0.    0.    0.474 0.526],[0.    0.    0.    0.    0.    0.    0.    0.474 0.    0.526],1.0,0.7500000000000001,0.888888888888889
394,468,[0.333 0.    0.    0.667],[0.333 0.    0.    0.    0.667],[0.    0.333 0.    0.    0.    0.    0.    0.    0.    0.667],0.6666666666666666,0.7500000000000001,0.888888888888889
395,469,[0.158 0.    0.053 0.789],[0.158 0.    0.053 0.    0.789],[0.    0.158 0.    0.    0.    0.053 0.    0.    0.    0.789],0.7186666666666666,0.73625,0.8300000000000001
396,470,[0. 0. 0. 1.],[0.    0.    0.    0.692 0.308],[0.    0.    0.    0.    0.    0.    0.    0.692 0.    0.308],1.0,0.7500000000000001,0.8888888888888888
397,471,[0. 0. 0. 1.],[0. 0. 0. 0. 1.],[0. 0. 0. 0. 0. 0. 0. 0. 0. 1.],1.0,1.0,1.0
398,472,[0. 0. 0. 1.],[0. 0. 0. 0. 1.],[0. 0. 0. 0. 0. 0. 0. 0. 0. 1.],1.0,1.0,1.0
399,473,[0.053 0.158 0.    0.789],[0.053 0.158 0.    0.    0.789],[0.    0.053 0.    0.158 0.    0.    0.    0.    0.    0.789],0.7186666666666667,0.73625,0.8300000000000001
400,474,[0.333 0.    0.167 0.5  ],[0.333 0.    0.167 0.    0.5  ],[0.    0.333 0.    0.    0.    0.167 0.    0.    0.    0.5  ],0.444,0.54125,0.7777777777777777
401,475,[0.389 0.    0.    0.611],[0.389 0.    0.    0.444 0.167],[0.    0.389 0.    0.    0.    0.    0.    0.444 0.    0.167],0.6666666666666666,0.54125,0.7777777777777777
402,476,[0.1 0.  0.  0.9],[0.1 0.  0.  0.  0.9],[0.  0.1 0.  0.  0.  0.  0.  0.  0.  0.9],0.8666666666666667,0.8749999999999999,0.888888888888889
403,477,[0.   0.   0.25 0.75],[0.   0.   0.25 0.   0.75],[0.   0.   0.   0.   0.   0.25 0.   0.   0.   0.75],0.6666666666666666,0.7500000000000001,0.888888888888889
404,478,[0.1 0.  0.  0.9],[0.1 0.  0.  0.1 0.8],[0.  0.1 0.  0.  0.  0.  0.  0.1 0.  0.8],0.8666666666666667,0.7500000000000001,0.7777777777777778
405,479,[0. 0. 0. 1.],[0.    0.    0.    0.107 0.893],[0.    0.    0.    0.    0.    0.    0.    0.107 0.    0.893],1.0,0.8662500000000001,0.888888888888889
406,480,[0.211 0.    0.263 0.526],[0.211 0.    0.263 0.    0.526],[0.    0.211 0.    0.    0.    0.263 0.    0.    0.    0.526],0.38533333333333336,0.5,0.7777777777777778
407,481,[0.    0.143 0.    0.857],[0.    0.143 0.    0.476 0.381],[0.    0.    0.    0.143 0.    0.    0.    0.476 0.    0.381],0.8093333333333333,0.5712499999999999,0.7777777777777777
408,482,[0. 0. 0. 1.],[0.    0.    0.    0.421 0.579],[0.    0.    0.    0.    0.    0.    0.    0.421 0.    0.579],1.0,0.7499999999999999,0.888888888888889
409,483,[0.    0.    0.091 0.909],[0.    0.    0.091 0.182 0.727],[0.    0.    0.    0.    0.    0.091 0.    0.182 0.    0.727],0.8786666666666667,0.6587499999999998,0.7877777777777778
410,484,[0.222 0.    0.    0.778],[0.222 0.    0.    0.    0.778],[0.    0.222 0.    0.    0.    0.    0.    0.    0.    0.778],0.7040000000000001,0.7500000000000001,0.888888888888889
411,485,[0. 0. 0. 1.],[0. 0. 0. 0. 1.],[0. 0. 0. 0. 0. 0. 0. 0. 0. 1.],1.0,1.0,1.0
412,486,[0.333 0.    0.    0.667],[0.333 0.    0.    0.667 0.   ],[0.    0.333 0.    0.    0.    0.    0.    0.667 0.    0.   ],0.6666666666666666,0.7499999999999999,0.888888888888889
413,487,[0.    0.    0.423 0.577],[0.    0.    0.423 0.    0.577],[0.    0.    0.    0.    0.    0.423 0.    0.    0.    0.577],0.6666666666666666,0.7499999999999999,0.888888888888889
414,488,[0. 0. 0. 1.],[0. 0. 0. 0. 1.],[0. 0. 0. 0. 0. 0. 0. 0. 0. 1.],1.0,1.0,1.0
415,489,[0. 0. 0. 1.],[0. 0. 0. 0. 1.],[0. 0. 0. 0. 0. 0. 0. 0. 0. 1.],1.0,1.0,1.0
416,490,[0.211 0.    0.053 0.737],[0.211 0.    0.053 0.    0.737],[0.    0.211 0.    0.    0.    0.053 0.    0.    0.    0.737],0.6486666666666667,0.684375,0.8305555555555556
417,491,[0.095 0.    0.    0.905],[0.095 0.    0.    0.143 0.762],[0.    0.095 0.    0.    0.    0.    0.    0.143 0.    0.762],0.8733333333333334,0.7025,0.7833333333333334
418,492,[0. 0. 0. 1.],[0.    0.    0.    0.077 0.923],[0.    0.    0.    0.    0.    0.    0.    0.077 0.    0.923],1.0,0.90375,0.9144444444444445
419,494,[0. 0. 0. 1.],[0.    0.    0.    0.077 0.923],[0.    0.    0.    0.    0.    0.    0.    0.077 0.    0.923],1.0,0.90375,0.9144444444444445
420,495,[0. 0. 0. 1.],[0. 0. 0. 0. 1.],[0. 0. 0. 0. 0. 0. 0. 0. 0. 1.],1.0,1.0,1.0
421,496,[0.333 0.    0.    0.667],[0.333 0.    0.    0.    0.667],[0.    0.333 0.    0.    0.    0.    0.    0.    0.    0.667],0.6666666666666666,0.7500000000000001,0.888888888888889
422,497,[0.  0.  0.5 0.5],[0.  0.  0.5 0.  0.5],[0.  0.  0.  0.  0.  0.5 0.  0.  0.  0.5],0.6666666666666666,0.7499999999999999,0.888888888888889
423,498,[0. 0. 0. 1.],[0. 0. 0. 0. 1.],[0. 0. 0. 0. 0. 0. 0. 0. 0. 1.],1.0,1.0,1.0
424,499,[0.    0.    0.192 0.808],[0.    0.    0.192 0.308 0.5  ],[0.    0.    0.    0.    0.    0.192 0.    0.308 0.    0.5  ],0.7440000000000001,0.51,0.7777777777777777
425,500,[0.    0.032 0.    0.968],[0.    0.032 0.    0.129 0.839],[0.    0.    0.    0.032 0.    0.    0.    0.129 0.    0.839],0.9573333333333333,0.79875,0.8533333333333333
426,501,[0.5 0.  0.  0.5],[0.5 0.  0.  0.  0.5],[0.  0.5 0.  0.  0.  0.  0.  0.  0.  0.5],0.6666666666666666,0.7499999999999999,0.888888888888889
427,502,[0. 0. 0. 1.],[0. 0. 0. 0. 1.],[0. 0. 0. 0. 0. 0. 0. 0. 0. 1.],1.0,1.0,1.0
428,503,[0. 0. 0. 1.],[0. 0. 0. 0. 1.],[0. 0. 0. 0. 0. 0. 0. 0. 0. 1.],1.0,1.0,1.0
429,504,[0.286 0.286 0.333 0.095],[0.286 0.286 0.333 0.    0.095],[0.    0.286 0.    0.286 0.    0.333 0.    0.    0.    0.095],0.20666666666666664,0.3812499999999999,0.6722222222222222
430,506,[0.429 0.    0.    0.571],[0.429 0.    0.    0.286 0.286],[0.    0.429 0.    0.    0.    0.    0.    0.286 0.    0.286],0.6666666666666666,0.5006249999999999,0.7783333333333333
431,507,[0. 0. 0. 1.],[0. 0. 0. 0. 1.],[0. 0. 0. 0. 0. 0. 0. 0. 0. 1.],1.0,1.0,1.0
432,508,[0. 0. 0. 1.],[0.    0.    0.    0.188 0.813],[0.    0.    0.    0.    0.    0.    0.    0.188 0.    0.813],1.0,0.765625,0.8894444444444444
433,509,[0. 0. 0. 1.],[0. 0. 0. 0. 1.],[0. 0. 0. 0. 0. 0. 0. 0. 0. 1.],1.0,1.0,1.0
434,510,[0.    0.625 0.    0.375],[0.    0.625 0.    0.    0.375],[0.    0.    0.    0.625 0.    0.    0.    0.    0.    0.375],0.6666666666666666,0.7499999999999999,0.888888888888889
435,511,[0. 0. 0. 1.],[0.    0.    0.    0.545 0.455],[0.    0.    0.    0.    0.    0.    0.    0.545 0.    0.455],1.0,0.7500000000000001,0.888888888888889
436,512,[0. 0. 0. 1.],[0. 0. 0. 0. 1.],[0. 0. 0. 0. 0. 0. 0. 0. 0. 1.],1.0,1.0,1.0
437,513,[0. 0. 0. 1.],[0.    0.    0.    0.286 0.714],[0.    0.    0.    0.    0.    0.    0.    0.286 0.    0.714],1.0,0.7500000000000001,0.888888888888889
438,514,[0.  0.  0.4 0.6],[0.  0.  0.4 0.  0.6],[0.  0.  0.  0.  0.  0.4 0.  0.  0.  0.6],0.6666666666666666,0.7499999999999999,0.888888888888889
439,515,[0. 0. 0. 1.],[0.    0.    0.    0.034 0.966],[0.    0.    0.    0.    0.    0.    0.    0.034 0.    0.966],1.0,0.9575,0.9622222222222222
440,516,[0. 0. 0. 1.],[0.    0.    0.    0.615 0.385],[0.    0.    0.    0.    0.    0.    0.    0.615 0.    0.385],1.0,0.7500000000000001,0.888888888888889
441,517,[0. 0. 0. 1.],[0.    0.    0.    0.176 0.824],[0.    0.    0.    0.    0.    0.    0.    0.176 0.    0.824],1.0,0.7799999999999999,0.888888888888889
442,518,[0. 0. 0. 1.],[0.    0.    0.    0.444 0.556],[0.    0.    0.    0.    0.    0.    0.    0.444 0.    0.556],1.0,0.7500000000000001,0.888888888888889
443,519,[0. 0. 0. 1.],[0.    0.    0.    0.053 0.947],[0.    0.    0.    0.    0.    0.    0.    0.053 0.    0.947],1.0,0.93375,0.941111111111111
444,520,[0. 0. 0. 1.],[0. 0. 0. 0. 1.],[0. 0. 0. 0. 0. 0. 0. 0. 0. 1.],1.0,1.0,1.0
445,521,[0.429 0.    0.    0.571],[0.429 0.    0.    0.    0.571],[0.    0.429 0.    0.    0.    0.    0.    0.    0.    0.571],0.6666666666666666,0.7499999999999999,0.888888888888889
446,522,[0.1 0.  0.  0.9],[0.1 0.  0.  0.  0.9],[0.  0.1 0.  0.  0.  0.  0.  0.  0.  0.9],0.8666666666666667,0.8749999999999999,0.888888888888889
447,523,[0.    0.    0.176 0.824],[0.    0.    0.176 0.    0.824],[0.    0.    0.    0.    0.    0.176 0.    0.    0.    0.824],0.7653333333333334,0.7799999999999999,0.888888888888889
448,524,[0.556 0.    0.056 0.389],[0.556 0.    0.056 0.    0.389],[0.    0.556 0.    0.    0.    0.056 0.    0.    0.    0.389],0.5926666666666667,0.680625,0.8272222222222224
449,525,[0.  0.  0.2 0.8],[0.  0.  0.2 0.1 0.7],[0.  0.  0.  0.  0.  0.2 0.  0.1 0.  0.7],0.7333333333333334,0.625,0.7777777777777777
450,526,[0.13  0.13  0.    0.739],[0.13  0.13  0.    0.043 0.696],[0.    0.13  0.    0.13  0.    0.    0.    0.043 0.    0.696],0.6526666666666666,0.620625,0.7294444444444445
451,527,[0.364 0.273 0.    0.364],[0.364 0.273 0.    0.    0.364],[0.    0.364 0.    0.273 0.    0.    0.    0.    0.    0.364],0.334,0.5006249999999999,0.7783333333333333
452,528,[0.    0.357 0.    0.643],[0.    0.357 0.    0.571 0.071],[0.    0.    0.    0.357 0.    0.    0.    0.571 0.    0.071],0.6666666666666666,0.6606249999999999,0.8094444444444443
453,529,[0. 0. 0. 1.],[0.    0.    0.    0.286 0.714],[0.    0.    0.    0.    0.    0.    0.    0.286 0.    0.714],1.0,0.7500000000000001,0.888888888888889
454,530,[0.2  0.   0.15 0.65],[0.2  0.   0.15 0.25 0.4 ],[0.   0.2  0.   0.   0.   0.15 0.   0.25 0.   0.4 ],0.5333333333333333,0.3125,0.6666666666666667
455,531,[0.2  0.04 0.   0.76],[0.2  0.04 0.   0.04 0.72],[0.   0.2  0.   0.04 0.   0.   0.   0.04 0.   0.72],0.68,0.65,0.7999999999999999
456,532,[0. 0. 0. 1.],[0. 0. 0. 0. 1.],[0. 0. 0. 0. 0. 0. 0. 0. 0. 1.],1.0,1.0,1.0
457,533,[0.062 0.    0.562 0.375],[0.062 0.    0.562 0.    0.375],[0.    0.062 0.    0.    0.    0.562 0.    0.    0.    0.375],0.5833333333333334,0.6718750000000001,0.8194444444444444
458,534,[0. 0. 0. 1.],[0. 0. 0. 0. 1.],[0. 0. 0. 0. 0. 0. 0. 0. 0. 1.],1.0,1.0,1.0
459,535,[0.087 0.    0.304 0.609],[0.087 0.    0.304 0.    0.609],[0.    0.087 0.    0.    0.    0.304 0.    0.    0.    0.609],0.5506666666666667,0.64125,0.7922222222222223
460,536,[0.214 0.    0.    0.786],[0.214 0.    0.    0.    0.786],[0.    0.214 0.    0.    0.    0.    0.    0.    0.    0.786],0.7146666666666667,0.7500000000000001,0.888888888888889
461,537,[0.    0.056 0.056 0.889],[0.    0.056 0.056 0.    0.889],[0.    0.    0.    0.056 0.    0.056 0.    0.    0.    0.889],0.8513333333333334,0.8606250000000001,0.8761111111111111
462,538,[0.    0.286 0.    0.714],[0.    0.286 0.    0.286 0.429],[0.    0.    0.    0.286 0.    0.    0.    0.286 0.    0.429],0.6666666666666666,0.5006249999999999,0.7783333333333333
463,539,[0.231 0.    0.    0.769],[0.231 0.    0.    0.038 0.731],[0.    0.231 0.    0.    0.    0.    0.    0.038 0.    0.731],0.6920000000000001,0.7025,0.8466666666666667
464,540,[0.    0.231 0.154 0.615],[0.    0.231 0.154 0.077 0.538],[0.    0.    0.    0.231 0.    0.154 0.    0.077 0.    0.538],0.48666666666666664,0.46125,0.6922222222222222
465,541,[0.5   0.    0.167 0.333],[0.5   0.    0.167 0.    0.333],[0.    0.5   0.    0.    0.    0.167 0.    0.    0.    0.333],0.44399999999999995,0.54125,0.7777777777777778
466,542,[0.133 0.133 0.    0.733],[0.133 0.133 0.    0.    0.733],[0.    0.133 0.    0.133 0.    0.    0.    0.    0.    0.733],0.6446666666666666,0.6668749999999999,0.7772222222222223
467,543,[0.    0.5   0.286 0.214],[0.    0.5   0.286 0.    0.214],[0.    0.    0.    0.5   0.    0.286 0.    0.    0.    0.214],0.38133333333333336,0.5,0.7777777777777777
468,544,[0.152 0.    0.091 0.758],[0.152 0.    0.091 0.    0.758],[0.    0.152 0.    0.    0.    0.091 0.    0.    0.    0.758],0.6766666666666667,0.6968750000000001,0.7883333333333333
469,545,[0.    0.375 0.    0.625],[0.    0.375 0.    0.    0.625],[0.    0.    0.    0.375 0.    0.    0.    0.    0.    0.625],0.6666666666666666,0.7499999999999999,0.888888888888889
470,546,[0.524 0.    0.143 0.333],[0.524 0.    0.143 0.    0.333],[0.    0.524 0.    0.    0.    0.143 0.    0.    0.    0.333],0.476,0.57125,0.7777777777777778
471,547,[0. 0. 0. 1.],[0.    0.    0.    0.208 0.792],[0.    0.    0.    0.    0.    0.    0.    0.208 0.    0.792],1.0,0.7500000000000001,0.888888888888889
472,548,[0.    0.188 0.062 0.75 ],[0.    0.188 0.062 0.    0.75 ],[0.    0.    0.    0.188 0.    0.062 0.    0.    0.    0.75 ],0.6666666666666666,0.6875,0.82
473,549,[0.    0.188 0.    0.812],[0.    0.188 0.    0.    0.813],[0.    0.    0.    0.188 0.    0.    0.    0.    0.    0.813],0.7493333333333334,0.765625,0.8894444444444444
474,550,[0. 0. 0. 1.],[0. 0. 0. 0. 1.],[0. 0. 0. 0. 0. 0. 0. 0. 0. 1.],1.0,1.0,1.0
475,551,[0. 0. 0. 1.],[0. 0. 0. 0. 1.],[0. 0. 0. 0. 0. 0. 0. 0. 0. 1.],1.0,1.0,1.0
476,552,[0.3 0.  0.  0.7],[0.3 0.  0.  0.  0.7],[0.  0.3 0.  0.  0.  0.  0.  0.  0.  0.7],0.6666666666666666,0.7499999999999999,0.888888888888889
477,553,[0. 0. 0. 1.],[0. 0. 0. 0. 1.],[0. 0. 0. 0. 0. 0. 0. 0. 0. 1.],1.0,1.0,1.0
478,554,[0. 0. 0. 1.],[0. 0. 0. 0. 1.],[0. 0. 0. 0. 0. 0. 0. 0. 0. 1.],1.0,1.0,1.0
479,555,[0. 0. 0. 1.],[0. 0. 0. 0. 1.],[0. 0. 0. 0. 0. 0. 0. 0. 0. 1.],1.0,1.0,1.0
480,556,[0.    0.    0.167 0.833],[0.    0.    0.167 0.    0.833],[0.    0.    0.    0.    0.    0.167 0.    0.    0.    0.833],0.7773333333333333,0.79125,0.888888888888889
481,558,[0.091 0.    0.    0.909],[0.091 0.    0.    0.    0.909],[0.    0.091 0.    0.    0.    0.    0.    0.    0.    0.909],0.8786666666666667,0.8862500000000001,0.898888888888889
482,559,[0.273 0.    0.    0.727],[0.273 0.    0.    0.    0.727],[0.    0.273 0.    0.    0.    0.    0.    0.    0.    0.727],0.6666666666666666,0.7499999999999999,0.888888888888889
483,560,[0. 0. 0. 1.],[0.    0.    0.    0.571 0.429],[0.    0.    0.    0.    0.    0.    0.    0.571 0.    0.429],1.0,0.7500000000000001,0.8888888888888888
484,561,[0. 0. 0. 1.],[0.    0.    0.    0.367 0.633],[0.    0.    0.    0.    0.    0.    0.    0.367 0.    0.633],1.0,0.7500000000000001,0.888888888888889
485,562,[0.375 0.    0.    0.625],[0.375 0.    0.    0.188 0.438],[0.    0.375 0.    0.    0.    0.    0.    0.188 0.    0.438],0.6666666666666666,0.5156249999999999,0.7783333333333332
486,563,[0.194 0.097 0.    0.71 ],[0.194 0.097 0.    0.194 0.516],[0.    0.194 0.    0.097 0.    0.    0.    0.194 0.    0.516],0.6126666666666666,0.394375,0.6705555555555556
487,564,[0.   0.05 0.   0.95],[0.   0.05 0.   0.   0.95],[0.   0.   0.   0.05 0.   0.   0.   0.   0.   0.95],0.9333333333333332,0.9375,0.9444444444444444
488,565,[0.062 0.125 0.    0.812],[0.062 0.125 0.    0.    0.813],[0.    0.062 0.    0.125 0.    0.    0.    0.    0.    0.813],0.75,0.76625,0.82
489,566,[0. 0. 0. 1.],[0. 0. 0. 0. 1.],[0. 0. 0. 0. 0. 0. 0. 0. 0. 1.],1.0,1.0,1.0
490,567,[0. 0. 0. 1.],[0. 0. 0. 0. 1.],[0. 0. 0. 0. 0. 0. 0. 0. 0. 1.],1.0,1.0,1.0
491,568,[0. 0. 0. 1.],[0.    0.    0.    0.172 0.828],[0.    0.    0.    0.    0.    0.    0.    0.172 0.    0.828],1.0,0.7849999999999999,0.888888888888889
492,569,[0.  0.  0.1 0.9],[0.   0.   0.1  0.15 0.75],[0.   0.   0.   0.   0.   0.1  0.   0.15 0.   0.75],0.8666666666666667,0.6875,0.7777777777777777
493,570,[0.25 0.   0.   0.75],[0.25 0.   0.   0.4  0.35],[0.   0.25 0.   0.   0.   0.   0.   0.4  0.   0.35],0.6666666666666666,0.5,0.7777777777777778
494,572,[0. 0. 0. 1.],[0. 0. 0. 0. 1.],[0. 0. 0. 0. 0. 0. 0. 0. 0. 1.],1.0,1.0,1.0
495,573,[0. 0. 0. 1.],[0. 0. 0. 0. 1.],[0. 0. 0. 0. 0. 0. 0. 0. 0. 1.],1.0,1.0,1.0
496,574,[0. 0. 0. 1.],[0. 0. 0. 0. 1.],[0. 0. 0. 0. 0. 0. 0. 0. 0. 1.],1.0,1.0,1.0
497,575,[0.222 0.    0.    0.778],[0.222 0.    0.    0.    0.778],[0.    0.222 0.    0.    0.    0.    0.    0.    0.    0.778],0.7040000000000001,0.7500000000000001,0.888888888888889
498,576,[0.077 0.538 0.    0.385],[0.077 0.538 0.    0.    0.385],[0.    0.077 0.    0.538 0.    0.    0.    0.    0.    0.385],0.5640000000000001,0.6537499999999999,0.8033333333333335
499,577,[0.    0.615 0.    0.385],[0.    0.615 0.    0.    0.385],[0.    0.    0.    0.615 0.    0.    0.    0.    0.    0.385],0.6666666666666666,0.7499999999999999,0.888888888888889
500,578,[0. 0. 0. 1.],[0. 0. 0. 0. 1.],[0. 0. 0. 0. 0. 0. 0. 0. 0. 1.],1.0,1.0,1.0
501,579,[0.    0.071 0.    0.929],[0.    0.071 0.    0.    0.929],[0.    0.    0.    0.071 0.    0.    0.    0.    0.    0.929],0.9053333333333334,0.9112500000000001,0.9211111111111112
502,580,[0.038 0.    0.192 0.769],[0.038 0.    0.192 0.038 0.731],[0.    0.038 0.    0.    0.    0.192 0.    0.038 0.    0.731],0.6926666666666668,0.6643749999999999,0.8038888888888889
503,581,[0.    0.636 0.    0.364],[0.    0.636 0.    0.091 0.273],[0.    0.    0.    0.636 0.    0.    0.    0.091 0.    0.273],0.6666666666666666,0.63625,0.7877777777777778
504,583,[0.    0.091 0.    0.909],[0.    0.091 0.    0.    0.909],[0.    0.    0.    0.091 0.    0.    0.    0.    0.    0.909],0.8786666666666667,0.8862500000000001,0.898888888888889
505,584,[0. 0. 0. 1.],[0.    0.    0.    0.545 0.455],[0.    0.    0.    0.    0.    0.    0.    0.545 0.    0.455],1.0,0.7500000000000001,0.888888888888889
506,585,[0.1 0.  0.  0.9],[0.1 0.  0.  0.6 0.3],[0.  0.1 0.  0.  0.  0.  0.  0.6 0.  0.3],0.8666666666666667,0.6249999999999999,0.7777777777777778
507,586,[0. 0. 0. 1.],[0.    0.    0.    0.571 0.429],[0.    0.    0.    0.    0.    0.    0.    0.571 0.    0.429],1.0,0.7500000000000001,0.8888888888888888
508,587,[0. 0. 0. 1.],[0. 0. 0. 1. 0.],[0. 0. 0. 0. 0. 0. 0. 1. 0. 0.],1.0,1.0,1.0000000000000002
509,588,[0. 0. 0. 1.],[0. 0. 0. 0. 1.],[0. 0. 0. 0. 0. 0. 0. 0. 0. 1.],1.0,1.0,1.0
510,593,[0. 0. 0. 1.],[0. 0. 0. 0. 1.],[0. 0. 0. 0. 0. 0. 0. 0. 0. 1.],1.0,1.0,1.0
511,594,[0. 0. 0. 1.],[0.   0.   0.   0.05 0.95],[0.   0.   0.   0.   0.   0.   0.   0.05 0.   0.95],1.0,0.9375,0.9444444444444444
512,595,[0.333 0.    0.    0.667],[0.333 0.    0.    0.    0.667],[0.    0.333 0.    0.    0.    0.    0.    0.    0.    0.667],0.6666666666666666,0.7500000000000001,0.888888888888889
513,596,[0.    0.    0.556 0.444],[0.    0.    0.556 0.    0.444],[0.    0.    0.    0.    0.    0.556 0.    0.    0.    0.444],0.6666666666666666,0.7499999999999999,0.888888888888889
514,598,[0. 0. 0. 1.],[0.    0.    0.    0.143 0.857],[0.    0.    0.    0.    0.    0.    0.    0.143 0.    0.857],1.0,0.82125,0.888888888888889
515,599,[0.    0.    0.125 0.875],[0.    0.    0.125 0.    0.875],[0.    0.    0.    0.    0.    0.125 0.    0.    0.    0.875],0.8333333333333334,0.84375,0.888888888888889
516,600,[0.4  0.04 0.   0.56],[0.4  0.04 0.   0.16 0.4 ],[0.   0.4  0.   0.04 0.   0.   0.   0.16 0.   0.4 ],0.6133333333333334,0.5,0.7333333333333334
517,601,[0.483 0.    0.    0.517],[0.483 0.    0.    0.207 0.31 ],[0.    0.483 0.    0.    0.    0.    0.    0.207 0.    0.31 ],0.6666666666666666,0.5,0.7777777777777778
518,603,[0.059 0.294 0.    0.647],[0.059 0.294 0.    0.    0.647],[0.    0.059 0.    0.294 0.    0.    0.    0.    0.    0.647],0.588,0.67625,0.8233333333333333
519,604,[0.111 0.    0.    0.889],[0.111 0.    0.    0.222 0.667],[0.    0.111 0.    0.    0.    0.    0.    0.222 0.    0.667],0.852,0.61125,0.7777777777777778
520,605,[0.125 0.    0.    0.875],[0.125 0.    0.    0.25  0.625],[0.    0.125 0.    0.    0.    0.    0.    0.25  0.    0.625],0.8333333333333334,0.5937499999999999,0.7777777777777777
521,606,[0. 0. 0. 1.],[0. 0. 0. 0. 1.],[0. 0. 0. 0. 0. 0. 0. 0. 0. 1.],1.0,1.0,1.0
522,609,[0. 0. 0. 1.],[0. 0. 0. 0. 1.],[0. 0. 0. 0. 0. 0. 0. 0. 0. 1.],1.0,1.0,1.0
523,610,[0. 0. 0. 1.],[0. 0. 0. 0. 1.],[0. 0. 0. 0. 0. 0. 0. 0. 0. 1.],1.0,1.0,1.0
524,611,[0.08 0.   0.   0.92],[0.08 0.   0.   0.24 0.68],[0.   0.08 0.   0.   0.   0.   0.   0.24 0.   0.68],0.8933333333333332,0.65,0.7999999999999999
525,612,[0.205 0.    0.    0.795],[0.205 0.    0.    0.103 0.692],[0.    0.205 0.    0.    0.    0.    0.    0.103 0.    0.692],0.7266666666666667,0.62125,0.7777777777777777
526,613,[0.    0.    0.056 0.944],[0.    0.    0.056 0.    0.944],[0.    0.    0.    0.    0.    0.056 0.    0.    0.    0.944],0.9253333333333332,0.9299999999999999,0.9377777777777777
527,615,[0. 0. 0. 1.],[0. 0. 0. 0. 1.],[0. 0. 0. 0. 0. 0. 0. 0. 0. 1.],1.0,1.0,1.0
528,616,[0. 0. 0. 1.],[0. 0. 0. 0. 1.],[0. 0. 0. 0. 0. 0. 0. 0. 0. 1.],1.0,1.0,1.0
529,617,[1. 0. 0. 0.],[1. 0. 0. 0. 0.],[0. 1. 0. 0. 0. 0. 0. 0. 0. 0.],1.0,0.9999999999999999,1.0000000000000002
530,618,[0.  0.  0.1 0.9],[0.  0.  0.1 0.  0.9],[0.  0.  0.  0.  0.  0.1 0.  0.  0.  0.9],0.8666666666666667,0.8749999999999999,0.888888888888889
